Sample	0	1	2	3	4	5	6	7	8	9	10	11	12	13	14	15	16	17	18	19	20	21	22	23	24	25	26	27	28	29	30	31	32	33	34	35	36	37	38	39	40	41	42	43	44	45	46	47	48	49	50	51	52	53	54	55	56	57	58	59	60	61	62	63	64	65	66	67	68	69	70	71	72	73	74	75	76	77	78	79	80	81	82	83	84	85	86	87	88	89	90	91	92	93	94	95	96	97	98	99	100
ERR1797969_1	(0.0, 45.0)	(1.0, 31.5)	(2.0, 14.5)	(3.0, 10.0)	(4.0, 7.5)	(5.0, 7.5)	(6.0, 10.0)	(7.0, 13.0)	(8.0, 16.0)	(9.0, 16.0)	(10.0, 21.5)	(11.0, 21.5)	(12.0, 28.5)	(13.0, 34.5)	(14.0, 36.5)	(15.0, 54.5)	(16.0, 90.0)	(17.0, 160.0)	(18.0, 337.5)	(19.0, 1514.5)	(20.0, 2695.5)	(21.0, 2390.0)	(22.0, 2481.0)	(23.0, 4065.5)	(24.0, 7937.0)	(25.0, 12698.0)	(26.0, 17387.5)	(27.0, 26590.0)	(28.0, 43489.5)	(29.0, 62222.0)	(30.0, 82958.0)	(31.0, 113396.5)	(32.0, 158784.0)	(33.0, 219211.5)	(34.0, 286159.0)	(35.0, 378913.5)	(36.0, 474908.0)	(37.0, 572817.5)	(38.0, 716472.0)	(39.0, 884000.5)	(40.0, 1048882.0)	(41.0, 1182744.5)	(42.0, 1341625.5)	(43.0, 1478359.5)	(44.0, 1502825.5)	(45.0, 1469975.0)	(46.0, 1447624.0)	(47.0, 1430577.5)	(48.0, 1508248.0)	(49.0, 1653901.0)	(50.0, 1580918.0)	(51.0, 1925262.0)	(52.0, 1988314.0)	(53.0, 1235576.5)	(54.0, 606349.0)	(55.0, 228695.0)	(56.0, 93550.0)	(57.0, 51955.5)	(58.0, 38986.0)	(59.0, 26394.0)	(60.0, 14568.5)	(61.0, 5639.5)	(62.0, 2243.5)	(63.0, 1053.5)	(64.0, 466.0)	(65.0, 240.0)	(66.0, 133.5)	(67.0, 79.0)	(68.0, 54.5)	(69.0, 35.0)	(70.0, 21.0)	(71.0, 13.0)	(72.0, 6.5)	(73.0, 5.0)	(74.0, 3.5)	(75.0, 2.0)	(76.0, 1.5)	(77.0, 1.5)	(78.0, 2.0)	(79.0, 3.0)	(80.0, 2.5)	(81.0, 1.0)	(82.0, 0.0)	(83.0, 0.5)	(84.0, 0.5)	(85.0, 0.5)	(86.0, 0.5)	(87.0, 0.0)	(88.0, 0.0)	(89.0, 0.0)	(90.0, 0.0)	(91.0, 0.0)	(92.0, 0.0)	(93.0, 0.0)	(94.0, 1.0)	(95.0, 1.0)	(96.0, 0.0)	(97.0, 0.0)	(98.0, 0.5)	(99.0, 0.5)	(100.0, 0.5)
ERR1797969_2	(0.0, 13.0)	(1.0, 13.5)	(2.0, 16.0)	(3.0, 18.0)	(4.0, 21.5)	(5.0, 28.5)	(6.0, 38.5)	(7.0, 43.5)	(8.0, 46.5)	(9.0, 50.0)	(10.0, 65.0)	(11.0, 81.0)	(12.0, 96.5)	(13.0, 125.5)	(14.0, 153.0)	(15.0, 204.5)	(16.0, 304.0)	(17.0, 494.0)	(18.0, 777.5)	(19.0, 1719.5)	(20.0, 3381.5)	(21.0, 4776.0)	(22.0, 6706.5)	(23.0, 8640.5)	(24.0, 11630.5)	(25.0, 17855.5)	(26.0, 25714.5)	(27.0, 35204.5)	(28.0, 50193.0)	(29.0, 69782.5)	(30.0, 97986.0)	(31.0, 137908.5)	(32.0, 190936.0)	(33.0, 259433.0)	(34.0, 331765.5)	(35.0, 413956.5)	(36.0, 506357.5)	(37.0, 606614.5)	(38.0, 727085.5)	(39.0, 886917.0)	(40.0, 1135489.0)	(41.0, 1422188.5)	(42.0, 1514570.0)	(43.0, 1420316.0)	(44.0, 1338771.0)	(45.0, 1338631.0)	(46.0, 1342400.5)	(47.0, 1448516.0)	(48.0, 1767344.0)	(49.0, 1852919.0)	(50.0, 1646908.5)	(51.0, 1585851.5)	(52.0, 1521359.0)	(53.0, 1065066.0)	(54.0, 526055.0)	(55.0, 264366.5)	(56.0, 137218.5)	(57.0, 68183.0)	(58.0, 49964.0)	(59.0, 40795.5)	(60.0, 25535.5)	(61.0, 12118.0)	(62.0, 5713.0)	(63.0, 2775.5)	(64.0, 1707.5)	(65.0, 1217.0)	(66.0, 823.5)	(67.0, 575.0)	(68.0, 420.5)	(69.0, 324.0)	(70.0, 252.0)	(71.0, 199.5)	(72.0, 173.5)	(73.0, 137.5)	(74.0, 117.0)	(75.0, 105.5)	(76.0, 91.5)	(77.0, 83.0)	(78.0, 72.0)	(79.0, 62.5)	(80.0, 54.0)	(81.0, 51.0)	(82.0, 50.0)	(83.0, 43.5)	(84.0, 36.0)	(85.0, 24.5)	(86.0, 22.0)	(87.0, 30.5)	(88.0, 30.5)	(89.0, 26.5)	(90.0, 31.5)	(91.0, 29.5)	(92.0, 21.5)	(93.0, 19.0)	(94.0, 21.0)	(95.0, 25.0)	(96.0, 22.5)	(97.0, 23.5)	(98.0, 35.0)	(99.0, 47.5)	(100.0, 93.0)
ERR1797970_1	(0.0, 73.0)	(1.0, 51.5)	(2.0, 21.0)	(3.0, 11.5)	(4.0, 12.0)	(5.0, 12.5)	(6.0, 15.0)	(7.0, 19.5)	(8.0, 21.5)	(9.0, 18.0)	(10.0, 14.5)	(11.0, 20.0)	(12.0, 29.0)	(13.0, 37.0)	(14.0, 43.0)	(15.0, 61.5)	(16.0, 102.0)	(17.0, 196.5)	(18.0, 454.5)	(19.0, 1871.0)	(20.0, 3232.0)	(21.0, 2851.5)	(22.0, 3066.5)	(23.0, 4954.0)	(24.0, 9417.5)	(25.0, 15104.5)	(26.0, 20764.0)	(27.0, 31401.5)	(28.0, 51657.0)	(29.0, 74806.5)	(30.0, 97805.5)	(31.0, 132154.0)	(32.0, 186158.0)	(33.0, 255552.5)	(34.0, 327625.5)	(35.0, 431633.5)	(36.0, 538437.5)	(37.0, 640800.5)	(38.0, 794162.0)	(39.0, 965575.0)	(40.0, 1123198.0)	(41.0, 1254528.0)	(42.0, 1417773.0)	(43.0, 1572635.0)	(44.0, 1588879.0)	(45.0, 1524865.0)	(46.0, 1497395.0)	(47.0, 1461707.0)	(48.0, 1492746.0)	(49.0, 1614989.5)	(50.0, 1459536.5)	(51.0, 1672190.5)	(52.0, 1751091.0)	(53.0, 1256222.5)	(54.0, 773970.0)	(55.0, 298517.0)	(56.0, 109364.0)	(57.0, 63301.5)	(58.0, 48805.5)	(59.0, 33158.0)	(60.0, 18004.0)	(61.0, 6339.0)	(62.0, 2545.0)	(63.0, 1159.5)	(64.0, 539.5)	(65.0, 286.0)	(66.0, 169.0)	(67.0, 93.0)	(68.0, 54.0)	(69.0, 31.5)	(70.0, 21.0)	(71.0, 12.5)	(72.0, 7.0)	(73.0, 5.0)	(74.0, 3.0)	(75.0, 4.0)	(76.0, 4.0)	(77.0, 3.5)	(78.0, 2.0)	(79.0, 1.0)	(80.0, 0.5)	(81.0, 1.0)	(82.0, 1.0)	(83.0, 1.5)	(84.0, 2.5)	(85.0, 1.0)	(86.0, 0.0)	(87.0, 0.0)	(88.0, 0.0)	(89.0, 0.0)	(90.0, 0.5)	(91.0, 1.0)	(92.0, 0.5)	(93.0, 0.5)	(94.0, 1.0)	(95.0, 0.5)	(96.0, 0.0)	(97.0, 0.0)	(98.0, 0.5)	(99.0, 1.0)	(100.0, 2.5)
ERR1797970_2	(0.0, 32.0)	(1.0, 30.5)	(2.0, 27.0)	(3.0, 24.5)	(4.0, 31.0)	(5.0, 44.5)	(6.0, 46.5)	(7.0, 46.5)	(8.0, 61.0)	(9.0, 69.5)	(10.0, 89.0)	(11.0, 110.5)	(12.0, 126.0)	(13.0, 156.5)	(14.0, 190.5)	(15.0, 250.5)	(16.0, 366.0)	(17.0, 640.0)	(18.0, 1038.5)	(19.0, 2196.0)	(20.0, 4306.5)	(21.0, 6143.0)	(22.0, 8303.5)	(23.0, 10469.0)	(24.0, 13989.5)	(25.0, 21480.0)	(26.0, 31146.0)	(27.0, 42179.0)	(28.0, 59559.5)	(29.0, 82490.5)	(30.0, 116106.5)	(31.0, 162728.5)	(32.0, 224278.5)	(33.0, 303618.0)	(34.0, 385671.0)	(35.0, 476974.5)	(36.0, 576965.5)	(37.0, 684002.5)	(38.0, 809861.0)	(39.0, 978554.0)	(40.0, 1251178.5)	(41.0, 1568860.0)	(42.0, 1649008.5)	(43.0, 1501920.0)	(44.0, 1384204.0)	(45.0, 1376254.5)	(46.0, 1371942.5)	(47.0, 1458298.5)	(48.0, 1762633.0)	(49.0, 1825817.0)	(50.0, 1581243.0)	(51.0, 1475286.5)	(52.0, 1383172.5)	(53.0, 951642.5)	(54.0, 471853.5)	(55.0, 248172.5)	(56.0, 132736.5)	(57.0, 70612.5)	(58.0, 56313.0)	(59.0, 48455.5)	(60.0, 30537.0)	(61.0, 13639.0)	(62.0, 6055.0)	(63.0, 2849.0)	(64.0, 1668.5)	(65.0, 1196.5)	(66.0, 829.5)	(67.0, 591.5)	(68.0, 434.5)	(69.0, 329.5)	(70.0, 259.0)	(71.0, 210.5)	(72.0, 182.0)	(73.0, 159.5)	(74.0, 139.5)	(75.0, 113.5)	(76.0, 104.0)	(77.0, 96.5)	(78.0, 73.5)	(79.0, 77.5)	(80.0, 65.5)	(81.0, 45.0)	(82.0, 49.0)	(83.0, 43.0)	(84.0, 39.0)	(85.0, 38.0)	(86.0, 36.0)	(87.0, 35.5)	(88.0, 29.0)	(89.0, 26.5)	(90.0, 28.5)	(91.0, 27.0)	(92.0, 24.0)	(93.0, 24.0)	(94.0, 25.0)	(95.0, 23.0)	(96.0, 22.5)	(97.0, 25.0)	(98.0, 32.5)	(99.0, 49.0)	(100.0, 92.5)
ERR1797971_1	(0.0, 30.0)	(1.0, 24.0)	(2.0, 12.5)	(3.0, 7.0)	(4.0, 7.0)	(5.0, 6.5)	(6.0, 8.0)	(7.0, 10.0)	(8.0, 10.5)	(9.0, 12.0)	(10.0, 15.5)	(11.0, 19.0)	(12.0, 25.0)	(13.0, 34.0)	(14.0, 40.0)	(15.0, 53.0)	(16.0, 85.5)	(17.0, 160.5)	(18.0, 383.5)	(19.0, 1628.5)	(20.0, 2844.5)	(21.0, 2538.5)	(22.0, 2638.0)	(23.0, 4218.5)	(24.0, 8292.0)	(25.0, 13282.5)	(26.0, 18121.0)	(27.0, 27344.5)	(28.0, 44813.5)	(29.0, 65460.0)	(30.0, 86654.5)	(31.0, 118089.5)	(32.0, 167749.0)	(33.0, 230327.5)	(34.0, 296906.5)	(35.0, 395337.5)	(36.0, 496936.5)	(37.0, 594121.0)	(38.0, 740936.5)	(39.0, 911657.0)	(40.0, 1078976.5)	(41.0, 1222664.5)	(42.0, 1401902.0)	(43.0, 1571362.5)	(44.0, 1613715.5)	(45.0, 1573977.0)	(46.0, 1550376.5)	(47.0, 1527876.5)	(48.0, 1587765.5)	(49.0, 1752553.0)	(50.0, 1628039.5)	(51.0, 1884414.0)	(52.0, 2078535.0)	(53.0, 1482548.0)	(54.0, 790576.5)	(55.0, 305064.5)	(56.0, 129100.0)	(57.0, 74001.5)	(58.0, 55912.5)	(59.0, 37131.5)	(60.0, 19631.5)	(61.0, 7134.0)	(62.0, 2913.0)	(63.0, 1252.5)	(64.0, 588.5)	(65.0, 326.5)	(66.0, 177.5)	(67.0, 100.0)	(68.0, 57.0)	(69.0, 39.0)	(70.0, 23.5)	(71.0, 14.5)	(72.0, 9.5)	(73.0, 5.0)	(74.0, 2.5)	(75.0, 3.0)	(76.0, 2.0)	(77.0, 4.0)	(78.0, 3.5)	(79.0, 0.0)	(80.0, 1.5)	(81.0, 2.0)	(82.0, 0.5)	(83.0, 0.5)	(84.0, 1.0)	(85.0, 1.0)	(86.0, 0.5)	(87.0, 0.0)	(88.0, 0.0)	(89.0, 0.0)	(90.0, 0.5)	(91.0, 0.5)	(92.0, 0.0)	(93.0, 0.0)	(94.0, 0.5)	(95.0, 0.5)	(96.0, 0.0)	(97.0, 0.0)	(98.0, 0.0)	(99.0, 0.5)	(100.0, 0.5)
ERR1797971_2	(0.0, 13.0)	(1.0, 15.0)	(2.0, 17.5)	(3.0, 25.0)	(4.0, 27.5)	(5.0, 32.5)	(6.0, 38.0)	(7.0, 42.0)	(8.0, 56.0)	(9.0, 71.0)	(10.0, 84.5)	(11.0, 99.5)	(12.0, 116.0)	(13.0, 128.5)	(14.0, 144.5)	(15.0, 192.5)	(16.0, 286.0)	(17.0, 498.5)	(18.0, 858.5)	(19.0, 1821.5)	(20.0, 3520.0)	(21.0, 5166.5)	(22.0, 7206.0)	(23.0, 9274.5)	(24.0, 12496.0)	(25.0, 19155.5)	(26.0, 27841.5)	(27.0, 37970.0)	(28.0, 54035.5)	(29.0, 74571.0)	(30.0, 104534.0)	(31.0, 147955.5)	(32.0, 204645.0)	(33.0, 277514.5)	(34.0, 354312.5)	(35.0, 441093.0)	(36.0, 536981.0)	(37.0, 640167.5)	(38.0, 762285.0)	(39.0, 930940.0)	(40.0, 1213981.0)	(41.0, 1546482.5)	(42.0, 1638090.5)	(43.0, 1503819.0)	(44.0, 1402745.5)	(45.0, 1410115.0)	(46.0, 1421298.0)	(47.0, 1527367.0)	(48.0, 1850979.5)	(49.0, 1941214.5)	(50.0, 1748923.5)	(51.0, 1703634.0)	(52.0, 1615930.0)	(53.0, 1114365.5)	(54.0, 563907.5)	(55.0, 304390.0)	(56.0, 163663.0)	(57.0, 86135.0)	(58.0, 68208.5)	(59.0, 57609.0)	(60.0, 35605.5)	(61.0, 15888.0)	(62.0, 7105.0)	(63.0, 3362.5)	(64.0, 1993.0)	(65.0, 1387.0)	(66.0, 1027.5)	(67.0, 754.5)	(68.0, 539.0)	(69.0, 403.5)	(70.0, 312.0)	(71.0, 247.5)	(72.0, 210.5)	(73.0, 184.0)	(74.0, 142.0)	(75.0, 112.0)	(76.0, 92.0)	(77.0, 94.0)	(78.0, 90.0)	(79.0, 70.5)	(80.0, 70.0)	(81.0, 71.5)	(82.0, 63.5)	(83.0, 47.0)	(84.0, 42.0)	(85.0, 41.5)	(86.0, 36.5)	(87.0, 34.0)	(88.0, 34.0)	(89.0, 34.0)	(90.0, 34.5)	(91.0, 32.0)	(92.0, 25.5)	(93.0, 26.5)	(94.0, 25.5)	(95.0, 21.5)	(96.0, 26.5)	(97.0, 29.5)	(98.0, 35.5)	(99.0, 42.0)	(100.0, 79.0)
ERR1797972_1	(0.0, 22.0)	(1.0, 15.0)	(2.0, 6.5)	(3.0, 3.5)	(4.0, 3.0)	(5.0, 4.5)	(6.0, 3.0)	(7.0, 1.5)	(8.0, 3.0)	(9.0, 4.0)	(10.0, 4.5)	(11.0, 5.5)	(12.0, 8.0)	(13.0, 10.5)	(14.0, 16.0)	(15.0, 25.0)	(16.0, 52.0)	(17.0, 155.5)	(18.0, 320.0)	(19.0, 724.0)	(20.0, 1233.5)	(21.0, 1769.5)	(22.0, 2656.5)	(23.0, 5228.5)	(24.0, 10190.0)	(25.0, 14969.0)	(26.0, 19489.5)	(27.0, 34770.0)	(28.0, 53256.0)	(29.0, 70844.5)	(30.0, 95102.0)	(31.0, 129162.0)	(32.0, 184039.0)	(33.0, 281439.0)	(34.0, 387748.5)	(35.0, 511110.0)	(36.0, 626030.5)	(37.0, 786026.5)	(38.0, 1059211.5)	(39.0, 1326149.0)	(40.0, 1562161.0)	(41.0, 1770049.5)	(42.0, 1934839.0)	(43.0, 2073008.5)	(44.0, 2145976.0)	(45.0, 2121115.5)	(46.0, 1973727.0)	(47.0, 1747638.5)	(48.0, 1514772.0)	(49.0, 1298817.0)	(50.0, 997000.5)	(51.0, 752598.5)	(52.0, 607315.5)	(53.0, 399508.0)	(54.0, 232764.0)	(55.0, 128244.0)	(56.0, 77862.0)	(57.0, 57520.5)	(58.0, 38091.0)	(59.0, 21206.0)	(60.0, 11804.0)	(61.0, 5228.5)	(62.0, 2992.5)	(63.0, 1752.5)	(64.0, 582.0)	(65.0, 240.5)	(66.0, 118.0)	(67.0, 60.0)	(68.0, 30.0)	(69.0, 19.5)	(70.0, 8.0)	(71.0, 6.0)	(72.0, 6.5)	(73.0, 5.0)	(74.0, 3.0)	(75.0, 2.0)	(76.0, 1.0)	(77.0, 0.5)	(78.0, 1.0)	(79.0, 0.5)	(80.0, 0.5)	(81.0, 0.5)	(82.0, 0.0)	(83.0, 0.5)	(84.0, 1.0)	(85.0, 0.5)	(86.0, 0.5)	(87.0, 1.0)	(88.0, 1.0)	(89.0, 0.5)	(90.0, 0.0)	(91.0, 0.0)	(92.0, 0.0)	(93.0, 0.0)	(94.0, 0.0)	(95.0, 0.0)	(96.0, 0.0)	(97.0, 0.0)	(98.0, 0.0)	(99.0, 0.5)	(100.0, 1.0)
ERR1797972_2	(0.0, 15.0)	(1.0, 14.0)	(2.0, 14.5)	(3.0, 18.0)	(4.0, 20.5)	(5.0, 26.5)	(6.0, 35.5)	(7.0, 42.0)	(8.0, 55.5)	(9.0, 68.0)	(10.0, 71.5)	(11.0, 94.0)	(12.0, 114.0)	(13.0, 143.5)	(14.0, 166.0)	(15.0, 202.5)	(16.0, 311.0)	(17.0, 564.5)	(18.0, 866.5)	(19.0, 1300.0)	(20.0, 1888.0)	(21.0, 2670.0)	(22.0, 4721.5)	(23.0, 8598.5)	(24.0, 15674.0)	(25.0, 28872.0)	(26.0, 42199.5)	(27.0, 51911.5)	(28.0, 63839.5)	(29.0, 84413.5)	(30.0, 118611.0)	(31.0, 163747.0)	(32.0, 228616.0)	(33.0, 320418.0)	(34.0, 419508.5)	(35.0, 527127.0)	(36.0, 665110.5)	(37.0, 821166.5)	(38.0, 1025698.5)	(39.0, 1328143.5)	(40.0, 1636245.0)	(41.0, 1843852.5)	(42.0, 1946873.5)	(43.0, 2019303.0)	(44.0, 2047446.0)	(45.0, 1955750.0)	(46.0, 1771670.5)	(47.0, 1565526.5)	(48.0, 1405757.5)	(49.0, 1249178.0)	(50.0, 1036490.5)	(51.0, 825579.5)	(52.0, 641729.5)	(53.0, 443526.5)	(54.0, 270139.5)	(55.0, 163179.5)	(56.0, 98875.0)	(57.0, 68070.5)	(58.0, 56697.5)	(59.0, 47973.5)	(60.0, 31517.5)	(61.0, 13273.5)	(62.0, 5529.5)	(63.0, 2484.5)	(64.0, 1193.5)	(65.0, 761.5)	(66.0, 538.5)	(67.0, 401.5)	(68.0, 285.0)	(69.0, 215.5)	(70.0, 176.0)	(71.0, 149.5)	(72.0, 126.0)	(73.0, 101.5)	(74.0, 91.5)	(75.0, 90.0)	(76.0, 79.0)	(77.0, 61.5)	(78.0, 58.0)	(79.0, 54.5)	(80.0, 46.0)	(81.0, 46.0)	(82.0, 46.5)	(83.0, 38.5)	(84.0, 33.0)	(85.0, 33.5)	(86.0, 28.5)	(87.0, 23.0)	(88.0, 30.5)	(89.0, 28.0)	(90.0, 18.5)	(91.0, 20.0)	(92.0, 26.5)	(93.0, 23.0)	(94.0, 21.0)	(95.0, 27.0)	(96.0, 26.5)	(97.0, 30.5)	(98.0, 37.0)	(99.0, 41.5)	(100.0, 79.5)
ERR1797973_1	(0.0, 17.0)	(1.0, 14.5)	(2.0, 9.0)	(3.0, 3.5)	(4.0, 1.5)	(5.0, 2.5)	(6.0, 3.5)	(7.0, 2.5)	(8.0, 1.5)	(9.0, 3.0)	(10.0, 2.5)	(11.0, 6.0)	(12.0, 8.5)	(13.0, 10.5)	(14.0, 15.0)	(15.0, 22.5)	(16.0, 52.5)	(17.0, 181.0)	(18.0, 334.5)	(19.0, 687.5)	(20.0, 1215.0)	(21.0, 1807.5)	(22.0, 2726.0)	(23.0, 5203.5)	(24.0, 10156.0)	(25.0, 15130.5)	(26.0, 20207.5)	(27.0, 38000.0)	(28.0, 56843.0)	(29.0, 75156.0)	(30.0, 101054.0)	(31.0, 134388.5)	(32.0, 189607.0)	(33.0, 295556.5)	(34.0, 403098.0)	(35.0, 519532.0)	(36.0, 629548.0)	(37.0, 786594.5)	(38.0, 1046246.5)	(39.0, 1274574.0)	(40.0, 1464582.5)	(41.0, 1627441.0)	(42.0, 1758767.0)	(43.0, 1842753.5)	(44.0, 1843931.5)	(45.0, 1778492.0)	(46.0, 1636107.0)	(47.0, 1439810.0)	(48.0, 1238594.5)	(49.0, 1067489.5)	(50.0, 806855.0)	(51.0, 578363.5)	(52.0, 472608.0)	(53.0, 329833.5)	(54.0, 194269.0)	(55.0, 101266.5)	(56.0, 59455.0)	(57.0, 42171.0)	(58.0, 28197.5)	(59.0, 16317.0)	(60.0, 9178.5)	(61.0, 4241.0)	(62.0, 2415.5)	(63.0, 1374.0)	(64.0, 450.0)	(65.0, 170.5)	(66.0, 77.0)	(67.0, 40.5)	(68.0, 22.0)	(69.0, 13.5)	(70.0, 9.0)	(71.0, 5.0)	(72.0, 4.5)	(73.0, 4.0)	(74.0, 1.5)	(75.0, 1.0)	(76.0, 0.5)	(77.0, 1.5)	(78.0, 1.5)	(79.0, 1.0)	(80.0, 1.5)	(81.0, 1.0)	(82.0, 1.0)	(83.0, 1.0)	(84.0, 1.0)	(85.0, 1.5)	(86.0, 1.0)	(87.0, 0.0)	(88.0, 0.0)	(89.0, 0.0)	(90.0, 0.0)	(91.0, 0.0)	(92.0, 0.0)	(93.0, 0.0)	(94.0, 0.0)	(95.0, 0.0)	(96.0, 0.0)	(97.0, 0.0)	(98.0, 0.0)	(99.0, 0.5)	(100.0, 0.5)
ERR1797973_2	(0.0, 16.0)	(1.0, 13.0)	(2.0, 12.5)	(3.0, 21.0)	(4.0, 23.0)	(5.0, 28.5)	(6.0, 40.0)	(7.0, 43.0)	(8.0, 46.0)	(9.0, 59.0)	(10.0, 81.0)	(11.0, 100.5)	(12.0, 99.5)	(13.0, 123.0)	(14.0, 158.0)	(15.0, 190.5)	(16.0, 307.5)	(17.0, 565.5)	(18.0, 875.5)	(19.0, 1300.0)	(20.0, 1958.5)	(21.0, 2739.0)	(22.0, 4640.5)	(23.0, 8608.5)	(24.0, 16423.5)	(25.0, 30741.5)	(26.0, 44482.0)	(27.0, 53979.5)	(28.0, 65760.0)	(29.0, 85869.5)	(30.0, 118913.5)	(31.0, 163018.5)	(32.0, 228589.5)	(33.0, 323781.0)	(34.0, 426206.5)	(35.0, 535098.5)	(36.0, 670100.0)	(37.0, 814740.0)	(38.0, 1000877.5)	(39.0, 1286182.0)	(40.0, 1571544.5)	(41.0, 1734684.5)	(42.0, 1778998.0)	(43.0, 1801311.0)	(44.0, 1790746.0)	(45.0, 1674727.0)	(46.0, 1479894.5)	(47.0, 1273442.5)	(48.0, 1123234.0)	(49.0, 985139.5)	(50.0, 807534.0)	(51.0, 635581.0)	(52.0, 491475.0)	(53.0, 339715.0)	(54.0, 206352.5)	(55.0, 124348.5)	(56.0, 76053.0)	(57.0, 53891.5)	(58.0, 43809.0)	(59.0, 34091.5)	(60.0, 21338.5)	(61.0, 9133.5)	(62.0, 3825.5)	(63.0, 1665.0)	(64.0, 915.0)	(65.0, 614.5)	(66.0, 386.0)	(67.0, 289.0)	(68.0, 227.5)	(69.0, 180.0)	(70.0, 138.5)	(71.0, 107.5)	(72.0, 87.5)	(73.0, 81.0)	(74.0, 84.5)	(75.0, 67.0)	(76.0, 53.5)	(77.0, 51.5)	(78.0, 43.0)	(79.0, 38.5)	(80.0, 39.0)	(81.0, 38.5)	(82.0, 35.0)	(83.0, 30.5)	(84.0, 25.5)	(85.0, 22.0)	(86.0, 23.0)	(87.0, 21.0)	(88.0, 20.0)	(89.0, 20.5)	(90.0, 19.5)	(91.0, 20.0)	(92.0, 19.0)	(93.0, 21.5)	(94.0, 21.0)	(95.0, 19.5)	(96.0, 20.5)	(97.0, 23.0)	(98.0, 29.5)	(99.0, 43.5)	(100.0, 75.5)
ERR1797974_1	(0.0, 6.0)	(1.0, 8.5)	(2.0, 9.0)	(3.0, 6.0)	(4.0, 4.0)	(5.0, 1.5)	(6.0, 1.0)	(7.0, 2.0)	(8.0, 2.5)	(9.0, 2.5)	(10.0, 4.0)	(11.0, 5.0)	(12.0, 3.0)	(13.0, 5.0)	(14.0, 10.0)	(15.0, 23.0)	(16.0, 54.5)	(17.0, 155.0)	(18.0, 305.5)	(19.0, 671.0)	(20.0, 1130.0)	(21.0, 1663.5)	(22.0, 2545.5)	(23.0, 4699.5)	(24.0, 9005.0)	(25.0, 14039.5)	(26.0, 18984.0)	(27.0, 35037.5)	(28.0, 53471.5)	(29.0, 71083.5)	(30.0, 94421.0)	(31.0, 125420.5)	(32.0, 179679.0)	(33.0, 277538.5)	(34.0, 377903.5)	(35.0, 482632.0)	(36.0, 583357.5)	(37.0, 720065.0)	(38.0, 947379.0)	(39.0, 1160421.0)	(40.0, 1329333.0)	(41.0, 1458857.5)	(42.0, 1552877.5)	(43.0, 1634404.0)	(44.0, 1663217.0)	(45.0, 1619706.0)	(46.0, 1533052.0)	(47.0, 1411757.5)	(48.0, 1272074.0)	(49.0, 1148317.0)	(50.0, 933020.5)	(51.0, 705988.5)	(52.0, 547023.0)	(53.0, 416021.0)	(54.0, 316719.5)	(55.0, 204564.5)	(56.0, 128200.0)	(57.0, 82732.0)	(58.0, 51923.0)	(59.0, 33694.0)	(60.0, 20206.5)	(61.0, 8762.5)	(62.0, 3491.0)	(63.0, 1477.5)	(64.0, 499.5)	(65.0, 220.5)	(66.0, 116.5)	(67.0, 65.5)	(68.0, 36.0)	(69.0, 21.0)	(70.0, 12.5)	(71.0, 7.0)	(72.0, 4.0)	(73.0, 5.0)	(74.0, 4.5)	(75.0, 1.5)	(76.0, 0.0)	(77.0, 1.0)	(78.0, 2.5)	(79.0, 1.5)	(80.0, 0.5)	(81.0, 0.5)	(82.0, 0.0)	(83.0, 0.5)	(84.0, 0.5)	(85.0, 0.0)	(86.0, 0.0)	(87.0, 0.5)	(88.0, 0.5)	(89.0, 0.5)	(90.0, 1.0)	(91.0, 0.5)	(92.0, 0.0)	(93.0, 0.0)	(94.0, 0.5)	(95.0, 0.5)	(96.0, 0.0)	(97.0, 0.0)	(98.0, 0.0)	(99.0, 0.0)	(100.0, 0.5)
ERR1797974_2	(0.0, 18.0)	(1.0, 12.0)	(2.0, 10.5)	(3.0, 13.0)	(4.0, 15.5)	(5.0, 19.5)	(6.0, 21.0)	(7.0, 24.5)	(8.0, 30.0)	(9.0, 40.5)	(10.0, 45.0)	(11.0, 46.0)	(12.0, 70.5)	(13.0, 99.0)	(14.0, 109.5)	(15.0, 141.0)	(16.0, 233.0)	(17.0, 454.5)	(18.0, 723.0)	(19.0, 1081.0)	(20.0, 1686.0)	(21.0, 2427.5)	(22.0, 4055.5)	(23.0, 7568.0)	(24.0, 14320.5)	(25.0, 26971.0)	(26.0, 39543.5)	(27.0, 48219.0)	(28.0, 59440.5)	(29.0, 79234.5)	(30.0, 110236.0)	(31.0, 149738.0)	(32.0, 209908.0)	(33.0, 298336.0)	(34.0, 396070.0)	(35.0, 502678.5)	(36.0, 630943.5)	(37.0, 768465.0)	(38.0, 946551.5)	(39.0, 1211770.5)	(40.0, 1480024.5)	(41.0, 1647208.5)	(42.0, 1710931.5)	(43.0, 1749530.0)	(44.0, 1749777.5)	(45.0, 1647330.5)	(46.0, 1471814.5)	(47.0, 1285448.5)	(48.0, 1137446.5)	(49.0, 986541.5)	(50.0, 801510.5)	(51.0, 631078.0)	(52.0, 489095.0)	(53.0, 338795.0)	(54.0, 207453.5)	(55.0, 128676.0)	(56.0, 82136.5)	(57.0, 58659.5)	(58.0, 46920.0)	(59.0, 36232.0)	(60.0, 22657.5)	(61.0, 9741.5)	(62.0, 3971.5)	(63.0, 1740.5)	(64.0, 927.0)	(65.0, 634.0)	(66.0, 432.0)	(67.0, 298.5)	(68.0, 237.0)	(69.0, 185.0)	(70.0, 142.0)	(71.0, 115.0)	(72.0, 95.0)	(73.0, 77.5)	(74.0, 71.0)	(75.0, 64.5)	(76.0, 59.5)	(77.0, 53.5)	(78.0, 40.0)	(79.0, 31.5)	(80.0, 33.0)	(81.0, 33.0)	(82.0, 30.5)	(83.0, 32.5)	(84.0, 27.0)	(85.0, 20.5)	(86.0, 24.5)	(87.0, 22.5)	(88.0, 20.0)	(89.0, 16.5)	(90.0, 18.5)	(91.0, 21.5)	(92.0, 21.0)	(93.0, 20.5)	(94.0, 25.5)	(95.0, 27.5)	(96.0, 28.5)	(97.0, 27.5)	(98.0, 27.0)	(99.0, 41.0)	(100.0, 68.5)
trim_paired_ERR1797969_pass_1	(0.0, 43.0)	(1.0, 25.5)	(2.0, 6.5)	(3.0, 4.0)	(4.0, 1.5)	(5.0, 5.0)	(6.0, 9.5)	(7.0, 7.5)	(8.0, 7.5)	(9.0, 10.0)	(10.0, 13.0)	(11.0, 11.5)	(12.0, 12.0)	(13.0, 29.0)	(14.0, 34.5)	(15.0, 33.5)	(16.0, 71.0)	(17.0, 150.5)	(18.0, 323.5)	(19.0, 1473.0)	(20.0, 2611.0)	(21.0, 2266.5)	(22.0, 2224.5)	(23.0, 3596.5)	(24.0, 7204.0)	(25.0, 11605.0)	(26.0, 15949.0)	(27.0, 24390.0)	(28.0, 40023.5)	(29.0, 57281.5)	(30.0, 75348.0)	(31.0, 100666.0)	(32.0, 136766.5)	(33.0, 186972.5)	(34.0, 240884.5)	(35.0, 311661.5)	(36.0, 379943.5)	(37.0, 442966.5)	(38.0, 543158.5)	(39.0, 650144.0)	(40.0, 727841.0)	(41.0, 756849.5)	(42.0, 810721.0)	(43.0, 859641.0)	(44.0, 809102.0)	(45.0, 725454.0)	(46.0, 705141.0)	(47.0, 709843.5)	(48.0, 752967.5)	(49.0, 792294.5)	(50.0, 612976.0)	(51.0, 712867.5)	(52.0, 600119.5)	(53.0, 171507.0)	(54.0, 83093.0)	(55.0, 36309.0)	(56.0, 17867.0)	(57.0, 14568.0)	(58.0, 13561.0)	(59.0, 10263.0)	(60.0, 6711.5)	(61.0, 2351.5)	(62.0, 906.0)	(63.0, 517.0)	(64.0, 254.5)	(65.0, 165.5)	(66.0, 79.0)	(67.0, 37.0)	(68.0, 21.0)	(69.0, 12.5)	(70.0, 7.5)	(71.0, 3.0)	(72.0, 1.5)	(73.0, 2.0)	(74.0, 2.0)	(75.0, 0.5)	(76.0, 0.5)	(77.0, 0.5)	(78.0, 0.0)	(79.0, 0.5)	(80.0, 0.5)	(81.0, 0.0)	(82.0, 0.0)	(83.0, 0.0)	(84.0, 0.5)	(85.0, 1.0)	(86.0, 0.5)	(87.0, 0.0)	(88.0, 0.0)	(89.0, 0.0)	(90.0, 0.0)	(91.0, 0.0)	(92.0, 0.0)	(93.0, 0.0)	(94.0, 0.0)	(95.0, 0.0)	(96.0, 0.0)	(97.0, 0.0)	(98.0, 0.0)	(99.0, 0.0)	(100.0, 0.5)
trim_paired_ERR1797969_pass_2	(0.0, 13.0)	(1.0, 12.0)	(2.0, 9.0)	(3.0, 6.0)	(4.0, 5.0)	(5.0, 8.0)	(6.0, 8.0)	(7.0, 5.0)	(8.0, 7.0)	(9.0, 13.0)	(10.0, 17.0)	(11.0, 21.5)	(12.0, 29.0)	(13.0, 35.0)	(14.0, 43.0)	(15.0, 78.0)	(16.0, 155.5)	(17.0, 343.5)	(18.0, 637.5)	(19.0, 1527.5)	(20.0, 3115.5)	(21.0, 4435.0)	(22.0, 6202.5)	(23.0, 7959.5)	(24.0, 10712.0)	(25.0, 16499.0)	(26.0, 23876.0)	(27.0, 32743.5)	(28.0, 46733.0)	(29.0, 64685.0)	(30.0, 90239.5)	(31.0, 125504.5)	(32.0, 171086.0)	(33.0, 228375.5)	(34.0, 287559.0)	(35.0, 352379.5)	(36.0, 419335.0)	(37.0, 485331.5)	(38.0, 562237.0)	(39.0, 664316.0)	(40.0, 827448.0)	(41.0, 999159.0)	(42.0, 975818.0)	(43.0, 795976.5)	(44.0, 655506.5)	(45.0, 614277.5)	(46.0, 598043.0)	(47.0, 698896.5)	(48.0, 994513.5)	(49.0, 1031472.5)	(50.0, 665580.0)	(51.0, 302623.0)	(52.0, 151725.0)	(53.0, 105643.0)	(54.0, 67837.0)	(55.0, 40414.0)	(56.0, 22343.0)	(57.0, 14973.0)	(58.0, 14748.0)	(59.0, 12830.5)	(60.0, 6994.0)	(61.0, 2850.0)	(62.0, 1201.0)	(63.0, 562.0)	(64.0, 316.5)	(65.0, 192.0)	(66.0, 92.0)	(67.0, 54.5)	(68.0, 33.5)	(69.0, 13.5)	(70.0, 7.5)	(71.0, 7.5)	(72.0, 6.0)	(73.0, 4.5)	(74.0, 4.5)	(75.0, 3.0)	(76.0, 1.0)	(77.0, 0.5)	(78.0, 0.5)	(79.0, 0.5)	(80.0, 0.5)	(81.0, 0.0)	(82.0, 0.0)	(83.0, 0.0)	(84.0, 0.0)	(85.0, 0.0)	(86.0, 0.0)	(87.0, 0.0)	(88.0, 0.0)	(89.0, 0.0)	(90.0, 0.0)	(91.0, 0.0)	(92.0, 0.0)	(93.0, 0.0)	(94.0, 0.0)	(95.0, 0.0)	(96.0, 0.0)	(97.0, 0.0)	(98.0, 1.5)	(99.0, 30.0)	(100.0, 79.5)
trim_paired_ERR1797970_pass_1	(0.0, 67.0)	(1.0, 41.5)	(2.0, 11.5)	(3.0, 5.5)	(4.0, 3.5)	(5.0, 3.5)	(6.0, 4.5)	(7.0, 5.0)	(8.0, 6.0)	(9.0, 7.5)	(10.0, 8.5)	(11.0, 14.5)	(12.0, 22.0)	(13.0, 29.0)	(14.0, 38.0)	(15.0, 55.5)	(16.0, 93.0)	(17.0, 195.0)	(18.0, 459.0)	(19.0, 1858.5)	(20.0, 3167.0)	(21.0, 2743.0)	(22.0, 2821.5)	(23.0, 4522.5)	(24.0, 8754.5)	(25.0, 13972.5)	(26.0, 19205.0)	(27.0, 29138.0)	(28.0, 48281.0)	(29.0, 69906.0)	(30.0, 90146.5)	(31.0, 119440.5)	(32.0, 164071.0)	(33.0, 223897.5)	(34.0, 284441.0)	(35.0, 366927.0)	(36.0, 446656.0)	(37.0, 517112.5)	(38.0, 630931.0)	(39.0, 748076.5)	(40.0, 826952.5)	(41.0, 862277.5)	(42.0, 929111.5)	(43.0, 1000591.0)	(44.0, 945043.0)	(45.0, 828988.0)	(46.0, 797972.0)	(47.0, 782226.5)	(48.0, 785830.0)	(49.0, 822745.0)	(50.0, 635107.0)	(51.0, 742329.0)	(52.0, 635562.0)	(53.0, 186537.0)	(54.0, 98139.0)	(55.0, 42347.0)	(56.0, 20493.5)	(57.0, 18343.0)	(58.0, 18030.0)	(59.0, 13138.5)	(60.0, 8171.5)	(61.0, 2730.0)	(62.0, 1090.0)	(63.0, 649.0)	(64.0, 338.5)	(65.0, 198.0)	(66.0, 78.5)	(67.0, 31.0)	(68.0, 16.5)	(69.0, 11.5)	(70.0, 7.0)	(71.0, 3.5)	(72.0, 2.0)	(73.0, 1.5)	(74.0, 0.0)	(75.0, 0.5)	(76.0, 1.0)	(77.0, 0.5)	(78.0, 0.0)	(79.0, 0.0)	(80.0, 0.0)	(81.0, 0.0)	(82.0, 0.0)	(83.0, 0.0)	(84.0, 0.0)	(85.0, 0.0)	(86.0, 0.0)	(87.0, 0.0)	(88.0, 0.0)	(89.0, 0.0)	(90.0, 0.0)	(91.0, 0.0)	(92.0, 0.0)	(93.0, 0.0)	(94.0, 0.0)	(95.0, 0.0)	(96.0, 0.0)	(97.0, 0.0)	(98.0, 0.0)	(99.0, 1.5)	(100.0, 3.0)
trim_paired_ERR1797970_pass_2	(0.0, 23.0)	(1.0, 18.0)	(2.0, 9.5)	(3.0, 8.5)	(4.0, 13.0)	(5.0, 12.5)	(6.0, 6.0)	(7.0, 6.0)	(8.0, 12.0)	(9.0, 18.5)	(10.0, 21.0)	(11.0, 25.0)	(12.0, 29.0)	(13.0, 39.5)	(14.0, 60.0)	(15.0, 100.0)	(16.0, 185.0)	(17.0, 425.0)	(18.0, 829.0)	(19.0, 1982.0)	(20.0, 4027.0)	(21.0, 5731.5)	(22.0, 7716.0)	(23.0, 9707.5)	(24.0, 13015.5)	(25.0, 20027.0)	(26.0, 29207.0)	(27.0, 39622.5)	(28.0, 56067.0)	(29.0, 77566.0)	(30.0, 108398.5)	(31.0, 150362.5)	(32.0, 204641.5)	(33.0, 272746.0)	(34.0, 342253.5)	(35.0, 417299.5)	(36.0, 492743.0)	(37.0, 567125.5)	(38.0, 651625.0)	(39.0, 765736.0)	(40.0, 958414.0)	(41.0, 1168290.0)	(42.0, 1138299.5)	(43.0, 911412.5)	(44.0, 743577.0)	(45.0, 699615.5)	(46.0, 675465.5)	(47.0, 759659.0)	(48.0, 1050498.5)	(49.0, 1071655.0)	(50.0, 680383.0)	(51.0, 304965.0)	(52.0, 148700.0)	(53.0, 103243.0)	(54.0, 67657.0)	(55.0, 41219.5)	(56.0, 23421.5)	(57.0, 16221.0)	(58.0, 16563.0)	(59.0, 15143.5)	(60.0, 8557.5)	(61.0, 3432.5)	(62.0, 1482.0)	(63.0, 687.0)	(64.0, 357.0)	(65.0, 212.5)	(66.0, 107.0)	(67.0, 51.5)	(68.0, 18.5)	(69.0, 7.0)	(70.0, 4.0)	(71.0, 2.5)	(72.0, 2.5)	(73.0, 2.0)	(74.0, 0.5)	(75.0, 0.0)	(76.0, 0.0)	(77.0, 0.5)	(78.0, 0.5)	(79.0, 0.5)	(80.0, 0.5)	(81.0, 0.0)	(82.0, 0.0)	(83.0, 0.0)	(84.0, 0.0)	(85.0, 0.0)	(86.0, 0.0)	(87.0, 0.0)	(88.0, 0.0)	(89.0, 0.0)	(90.0, 0.0)	(91.0, 0.0)	(92.0, 0.5)	(93.0, 1.0)	(94.0, 1.0)	(95.0, 1.0)	(96.0, 0.5)	(97.0, 2.0)	(98.0, 6.5)	(99.0, 25.5)	(100.0, 60.5)
trim_paired_ERR1797971_pass_1	(0.0, 24.0)	(1.0, 15.5)	(2.0, 4.5)	(3.0, 3.5)	(4.0, 3.5)	(5.0, 1.5)	(6.0, 1.0)	(7.0, 3.5)	(8.0, 5.5)	(9.0, 5.0)	(10.0, 10.0)	(11.0, 13.5)	(12.0, 14.0)	(13.0, 21.0)	(14.0, 29.5)	(15.0, 41.5)	(16.0, 69.0)	(17.0, 145.5)	(18.0, 382.0)	(19.0, 1623.0)	(20.0, 2804.0)	(21.0, 2466.0)	(22.0, 2423.0)	(23.0, 3813.0)	(24.0, 7639.5)	(25.0, 12245.5)	(26.0, 16634.0)	(27.0, 25239.5)	(28.0, 41732.5)	(29.0, 60866.5)	(30.0, 79443.5)	(31.0, 105788.0)	(32.0, 146345.5)	(33.0, 199705.0)	(34.0, 254938.0)	(35.0, 332551.5)	(36.0, 407488.0)	(37.0, 472860.0)	(38.0, 579692.5)	(39.0, 692813.5)	(40.0, 773965.5)	(41.0, 811733.0)	(42.0, 883032.0)	(43.0, 954671.0)	(44.0, 906926.0)	(45.0, 800985.5)	(46.0, 770504.0)	(47.0, 764382.5)	(48.0, 781704.0)	(49.0, 831653.5)	(50.0, 645255.5)	(51.0, 735161.5)	(52.0, 629125.5)	(53.0, 188268.5)	(54.0, 95767.0)	(55.0, 42593.0)	(56.0, 21028.5)	(57.0, 17451.5)	(58.0, 16819.0)	(59.0, 12436.5)	(60.0, 7809.5)	(61.0, 2633.0)	(62.0, 977.0)	(63.0, 576.5)	(64.0, 309.5)	(65.0, 194.0)	(66.0, 98.5)	(67.0, 45.0)	(68.0, 24.0)	(69.0, 18.5)	(70.0, 11.5)	(71.0, 5.0)	(72.0, 3.0)	(73.0, 2.0)	(74.0, 3.5)	(75.0, 2.5)	(76.0, 0.0)	(77.0, 0.5)	(78.0, 0.5)	(79.0, 0.0)	(80.0, 0.0)	(81.0, 0.0)	(82.0, 0.0)	(83.0, 0.0)	(84.0, 0.0)	(85.0, 0.0)	(86.0, 0.0)	(87.0, 0.0)	(88.0, 0.0)	(89.0, 0.0)	(90.0, 0.0)	(91.0, 0.0)	(92.0, 0.0)	(93.0, 0.0)	(94.0, 0.0)	(95.0, 0.0)	(96.0, 0.0)	(97.0, 0.0)	(98.0, 0.0)	(99.0, 0.5)	(100.0, 1.0)
trim_paired_ERR1797971_pass_2	(0.0, 10.0)	(1.0, 10.0)	(2.0, 8.5)	(3.0, 6.0)	(4.0, 5.5)	(5.0, 7.0)	(6.0, 6.5)	(7.0, 5.5)	(8.0, 8.5)	(9.0, 11.5)	(10.0, 15.0)	(11.0, 22.5)	(12.0, 26.0)	(13.0, 34.0)	(14.0, 52.5)	(15.0, 84.5)	(16.0, 147.0)	(17.0, 351.0)	(18.0, 708.5)	(19.0, 1633.0)	(20.0, 3280.0)	(21.0, 4851.0)	(22.0, 6728.5)	(23.0, 8590.5)	(24.0, 11585.5)	(25.0, 17893.5)	(26.0, 26128.5)	(27.0, 35694.5)	(28.0, 50877.5)	(29.0, 70004.5)	(30.0, 97503.5)	(31.0, 136259.5)	(32.0, 185850.0)	(33.0, 247730.5)	(34.0, 312209.5)	(35.0, 382962.5)	(36.0, 454669.5)	(37.0, 525069.5)	(38.0, 604830.5)	(39.0, 716149.0)	(40.0, 911493.0)	(41.0, 1123159.5)	(42.0, 1090850.5)	(43.0, 864910.5)	(44.0, 700496.5)	(45.0, 658479.0)	(46.0, 639474.5)	(47.0, 735103.5)	(48.0, 1037314.5)	(49.0, 1069460.5)	(50.0, 684689.0)	(51.0, 311110.5)	(52.0, 156249.5)	(53.0, 108881.0)	(54.0, 70966.5)	(55.0, 43271.5)	(56.0, 24598.5)	(57.0, 16725.5)	(58.0, 17191.5)	(59.0, 15716.0)	(60.0, 8633.0)	(61.0, 3357.0)	(62.0, 1380.5)	(63.0, 665.5)	(64.0, 375.5)	(65.0, 226.5)	(66.0, 117.5)	(67.0, 59.5)	(68.0, 32.5)	(69.0, 19.0)	(70.0, 9.5)	(71.0, 6.0)	(72.0, 4.5)	(73.0, 2.5)	(74.0, 1.5)	(75.0, 1.5)	(76.0, 0.5)	(77.0, 0.0)	(78.0, 0.5)	(79.0, 0.5)	(80.0, 0.0)	(81.0, 0.5)	(82.0, 0.5)	(83.0, 0.0)	(84.0, 0.0)	(85.0, 0.0)	(86.0, 0.0)	(87.0, 0.0)	(88.0, 0.0)	(89.0, 0.0)	(90.0, 0.0)	(91.0, 0.0)	(92.0, 0.0)	(93.0, 0.0)	(94.0, 0.0)	(95.0, 0.5)	(96.0, 1.0)	(97.0, 1.0)	(98.0, 6.5)	(99.0, 27.5)	(100.0, 57.5)
trim_paired_ERR1797972_pass_1	(0.0, 19.0)	(1.0, 12.0)	(2.0, 2.5)	(3.0, 0.0)	(4.0, 1.0)	(5.0, 2.0)	(6.0, 1.0)	(7.0, 0.0)	(8.0, 0.5)	(9.0, 0.5)	(10.0, 0.0)	(11.0, 0.5)	(12.0, 2.0)	(13.0, 4.5)	(14.0, 10.5)	(15.0, 19.0)	(16.0, 50.0)	(17.0, 157.5)	(18.0, 313.5)	(19.0, 702.5)	(20.0, 1226.0)	(21.0, 1773.0)	(22.0, 2605.0)	(23.0, 5054.0)	(24.0, 9371.5)	(25.0, 13058.0)	(26.0, 17125.0)	(27.0, 32016.0)	(28.0, 49672.5)	(29.0, 65812.5)	(30.0, 87230.0)	(31.0, 116009.5)	(32.0, 160594.0)	(33.0, 242722.0)	(34.0, 326868.0)	(35.0, 417936.0)	(36.0, 495444.0)	(37.0, 597860.5)	(38.0, 776186.0)	(39.0, 924036.0)	(40.0, 1025006.0)	(41.0, 1076868.5)	(42.0, 1070353.5)	(43.0, 1048334.0)	(44.0, 1000644.0)	(45.0, 917252.5)	(46.0, 789990.5)	(47.0, 637810.0)	(48.0, 513425.0)	(49.0, 445456.0)	(50.0, 332651.5)	(51.0, 233337.0)	(52.0, 174025.5)	(53.0, 94535.5)	(54.0, 60288.5)	(55.0, 32512.0)	(56.0, 16533.5)	(57.0, 14447.5)	(58.0, 13430.5)	(59.0, 8979.5)	(60.0, 4996.0)	(61.0, 2023.0)	(62.0, 1604.5)	(63.0, 1251.0)	(64.0, 489.5)	(65.0, 223.5)	(66.0, 83.0)	(67.0, 44.5)	(68.0, 27.5)	(69.0, 20.0)	(70.0, 10.5)	(71.0, 2.5)	(72.0, 1.5)	(73.0, 1.0)	(74.0, 1.5)	(75.0, 1.0)	(76.0, 0.0)	(77.0, 0.0)	(78.0, 0.0)	(79.0, 0.0)	(80.0, 0.0)	(81.0, 0.0)	(82.0, 0.0)	(83.0, 0.0)	(84.0, 0.0)	(85.0, 0.0)	(86.0, 0.0)	(87.0, 0.0)	(88.0, 0.0)	(89.0, 0.0)	(90.0, 0.0)	(91.0, 0.0)	(92.0, 0.0)	(93.0, 0.0)	(94.0, 0.0)	(95.0, 0.0)	(96.0, 0.0)	(97.0, 0.0)	(98.0, 0.0)	(99.0, 0.5)	(100.0, 1.0)
trim_paired_ERR1797972_pass_2	(0.0, 17.0)	(1.0, 10.5)	(2.0, 3.5)	(3.0, 2.5)	(4.0, 2.0)	(5.0, 2.0)	(6.0, 1.5)	(7.0, 1.0)	(8.0, 1.5)	(9.0, 1.5)	(10.0, 1.0)	(11.0, 2.0)	(12.0, 5.5)	(13.0, 15.0)	(14.0, 30.0)	(15.0, 68.0)	(16.0, 162.0)	(17.0, 389.5)	(18.0, 662.5)	(19.0, 1078.5)	(20.0, 1687.0)	(21.0, 2503.0)	(22.0, 4535.0)	(23.0, 8278.0)	(24.0, 14651.5)	(25.0, 26450.0)	(26.0, 38921.0)	(27.0, 48489.0)	(28.0, 60033.0)	(29.0, 79452.0)	(30.0, 111026.5)	(31.0, 151509.5)	(32.0, 207717.0)	(33.0, 285682.5)	(34.0, 365492.0)	(35.0, 447196.5)	(36.0, 551945.0)	(37.0, 660129.0)	(38.0, 787342.5)	(39.0, 974025.5)	(40.0, 1145454.5)	(41.0, 1204215.0)	(42.0, 1149145.5)	(43.0, 1068345.5)	(44.0, 981014.5)	(45.0, 841647.5)	(46.0, 665576.0)	(47.0, 512806.0)	(48.0, 424679.0)	(49.0, 350490.0)	(50.0, 252503.5)	(51.0, 160994.0)	(52.0, 108085.5)	(53.0, 79884.5)	(54.0, 51859.5)	(55.0, 29279.0)	(56.0, 17308.5)	(57.0, 12779.0)	(58.0, 11856.0)	(59.0, 9444.0)	(60.0, 4944.5)	(61.0, 2052.0)	(62.0, 858.5)	(63.0, 444.0)	(64.0, 259.0)	(65.0, 162.5)	(66.0, 75.5)	(67.0, 27.5)	(68.0, 11.0)	(69.0, 6.5)	(70.0, 4.0)	(71.0, 1.0)	(72.0, 0.5)	(73.0, 0.5)	(74.0, 0.5)	(75.0, 0.5)	(76.0, 0.5)	(77.0, 0.5)	(78.0, 0.0)	(79.0, 0.0)	(80.0, 0.5)	(81.0, 1.0)	(82.0, 0.5)	(83.0, 0.0)	(84.0, 0.0)	(85.0, 0.0)	(86.0, 0.0)	(87.0, 0.0)	(88.0, 0.0)	(89.0, 0.0)	(90.0, 0.0)	(91.0, 0.0)	(92.0, 0.0)	(93.0, 0.0)	(94.0, 0.0)	(95.0, 0.5)	(96.0, 0.5)	(97.0, 0.5)	(98.0, 4.5)	(99.0, 30.0)	(100.0, 58.0)
trim_paired_ERR1797973_pass_1	(0.0, 14.0)	(1.0, 9.0)	(2.0, 4.0)	(3.0, 2.0)	(4.0, 1.0)	(5.0, 1.0)	(6.0, 0.0)	(7.0, 0.0)	(8.0, 0.0)	(9.0, 0.0)	(10.0, 0.5)	(11.0, 1.0)	(12.0, 1.5)	(13.0, 7.5)	(14.0, 10.0)	(15.0, 17.5)	(16.0, 47.0)	(17.0, 175.0)	(18.0, 333.5)	(19.0, 691.5)	(20.0, 1232.5)	(21.0, 1829.5)	(22.0, 2721.5)	(23.0, 5138.5)	(24.0, 9486.5)	(25.0, 13458.5)	(26.0, 18129.5)	(27.0, 35478.0)	(28.0, 53617.5)	(29.0, 70729.0)	(30.0, 94117.0)	(31.0, 123019.0)	(32.0, 169490.5)	(33.0, 261855.5)	(34.0, 350711.0)	(35.0, 440256.0)	(36.0, 518391.0)	(37.0, 627724.5)	(38.0, 812113.5)	(39.0, 944927.0)	(40.0, 1028051.5)	(41.0, 1074687.5)	(42.0, 1077118.5)	(43.0, 1042142.0)	(44.0, 965416.5)	(45.0, 870515.0)	(46.0, 751473.0)	(47.0, 612258.5)	(48.0, 486222.0)	(49.0, 422323.0)	(50.0, 314303.0)	(51.0, 210079.5)	(52.0, 157077.5)	(53.0, 89883.5)	(54.0, 57090.5)	(55.0, 28862.0)	(56.0, 14192.5)	(57.0, 11460.0)	(58.0, 10787.0)	(59.0, 8092.0)	(60.0, 4750.0)	(61.0, 1905.0)	(62.0, 1399.5)	(63.0, 1035.5)	(64.0, 405.0)	(65.0, 174.0)	(66.0, 57.0)	(67.0, 39.0)	(68.0, 26.0)	(69.0, 12.0)	(70.0, 7.0)	(71.0, 4.5)	(72.0, 2.5)	(73.0, 1.0)	(74.0, 0.0)	(75.0, 0.0)	(76.0, 0.0)	(77.0, 0.0)	(78.0, 0.0)	(79.0, 0.0)	(80.0, 0.0)	(81.0, 0.0)	(82.0, 0.0)	(83.0, 0.0)	(84.0, 0.0)	(85.0, 0.0)	(86.0, 0.0)	(87.0, 0.0)	(88.0, 0.0)	(89.0, 0.0)	(90.0, 0.0)	(91.0, 0.0)	(92.0, 0.0)	(93.0, 0.0)	(94.0, 0.0)	(95.0, 0.0)	(96.0, 0.0)	(97.0, 0.0)	(98.0, 0.0)	(99.0, 0.0)	(100.0, 0.0)
trim_paired_ERR1797973_pass_2	(0.0, 13.0)	(1.0, 7.0)	(2.0, 2.0)	(3.0, 3.0)	(4.0, 2.0)	(5.0, 2.0)	(6.0, 1.5)	(7.0, 1.0)	(8.0, 2.0)	(9.0, 2.0)	(10.0, 2.5)	(11.0, 3.0)	(12.0, 7.0)	(13.0, 15.5)	(14.0, 25.5)	(15.0, 54.0)	(16.0, 146.0)	(17.0, 381.5)	(18.0, 662.5)	(19.0, 1079.5)	(20.0, 1745.0)	(21.0, 2575.5)	(22.0, 4562.5)	(23.0, 8416.0)	(24.0, 15456.5)	(25.0, 28402.5)	(26.0, 41349.5)	(27.0, 50747.0)	(28.0, 62430.0)	(29.0, 81786.0)	(30.0, 112495.5)	(31.0, 152313.0)	(32.0, 210286.5)	(33.0, 293471.5)	(34.0, 379369.0)	(35.0, 466240.0)	(36.0, 572612.5)	(37.0, 677427.0)	(38.0, 802139.5)	(39.0, 995889.0)	(40.0, 1171814.5)	(41.0, 1218747.5)	(42.0, 1146419.5)	(43.0, 1059283.5)	(44.0, 971123.0)	(45.0, 830686.5)	(46.0, 649878.5)	(47.0, 484070.0)	(48.0, 386766.5)	(49.0, 313958.0)	(50.0, 224249.5)	(51.0, 140779.0)	(52.0, 94112.5)	(53.0, 70225.5)	(54.0, 45114.0)	(55.0, 25220.5)	(56.0, 14860.0)	(57.0, 10740.0)	(58.0, 9959.0)	(59.0, 8028.0)	(60.0, 4156.0)	(61.0, 1702.5)	(62.0, 721.5)	(63.0, 360.0)	(64.0, 247.0)	(65.0, 155.0)	(66.0, 63.0)	(67.0, 26.5)	(68.0, 17.0)	(69.0, 11.0)	(70.0, 5.5)	(71.0, 2.5)	(72.0, 1.5)	(73.0, 1.5)	(74.0, 1.5)	(75.0, 0.5)	(76.0, 0.0)	(77.0, 0.0)	(78.0, 0.0)	(79.0, 0.0)	(80.0, 0.0)	(81.0, 0.0)	(82.0, 0.0)	(83.0, 0.0)	(84.0, 0.0)	(85.0, 0.0)	(86.0, 0.0)	(87.0, 0.0)	(88.0, 0.0)	(89.0, 0.0)	(90.0, 0.0)	(91.0, 0.0)	(92.0, 0.0)	(93.0, 0.0)	(94.0, 0.0)	(95.0, 0.0)	(96.0, 0.0)	(97.0, 1.5)	(98.0, 6.0)	(99.0, 26.5)	(100.0, 51.5)
trim_paired_ERR1797974_pass_1	(0.0, 6.0)	(1.0, 5.0)	(2.0, 4.5)	(3.0, 3.5)	(4.0, 1.5)	(5.0, 0.5)	(6.0, 0.5)	(7.0, 0.5)	(8.0, 0.5)	(9.0, 0.5)	(10.0, 1.0)	(11.0, 1.5)	(12.0, 2.5)	(13.0, 4.0)	(14.0, 7.0)	(15.0, 21.5)	(16.0, 49.5)	(17.0, 149.0)	(18.0, 305.5)	(19.0, 664.0)	(20.0, 1136.5)	(21.0, 1693.0)	(22.0, 2553.5)	(23.0, 4609.5)	(24.0, 8339.5)	(25.0, 12389.0)	(26.0, 16841.5)	(27.0, 32292.0)	(28.0, 49928.0)	(29.0, 66217.0)	(30.0, 86877.0)	(31.0, 113342.5)	(32.0, 158562.5)	(33.0, 242112.0)	(34.0, 322997.5)	(35.0, 401327.0)	(36.0, 471376.5)	(37.0, 564903.0)	(38.0, 726862.0)	(39.0, 858539.0)	(40.0, 938167.5)	(41.0, 972803.5)	(42.0, 964352.0)	(43.0, 934552.5)	(44.0, 867475.5)	(45.0, 770325.5)	(46.0, 661788.5)	(47.0, 544325.5)	(48.0, 440745.5)	(49.0, 385584.5)	(50.0, 289715.5)	(51.0, 199610.0)	(52.0, 149061.5)	(53.0, 89633.5)	(54.0, 60076.0)	(55.0, 32713.0)	(56.0, 17310.5)	(57.0, 13682.5)	(58.0, 12237.5)	(59.0, 9014.5)	(60.0, 5175.5)	(61.0, 2089.5)	(62.0, 1276.0)	(63.0, 857.0)	(64.0, 346.0)	(65.0, 148.0)	(66.0, 54.0)	(67.0, 30.5)	(68.0, 23.0)	(69.0, 16.5)	(70.0, 8.0)	(71.0, 2.5)	(72.0, 1.0)	(73.0, 0.5)	(74.0, 1.0)	(75.0, 1.0)	(76.0, 0.0)	(77.0, 0.0)	(78.0, 0.5)	(79.0, 0.5)	(80.0, 0.0)	(81.0, 0.0)	(82.0, 0.0)	(83.0, 0.0)	(84.0, 0.0)	(85.0, 0.0)	(86.0, 0.0)	(87.0, 0.0)	(88.0, 0.0)	(89.0, 0.0)	(90.0, 0.0)	(91.0, 0.0)	(92.0, 0.0)	(93.0, 0.0)	(94.0, 0.0)	(95.0, 0.0)	(96.0, 0.0)	(97.0, 0.0)	(98.0, 0.0)	(99.0, 0.5)	(100.0, 1.0)
trim_paired_ERR1797974_pass_2	(0.0, 15.0)	(1.0, 8.0)	(2.0, 1.0)	(3.0, 0.5)	(4.0, 0.5)	(5.0, 0.5)	(6.0, 0.0)	(7.0, 0.0)	(8.0, 0.5)	(9.0, 1.5)	(10.0, 2.0)	(11.0, 2.5)	(12.0, 4.5)	(13.0, 13.0)	(14.0, 26.5)	(15.0, 52.5)	(16.0, 125.5)	(17.0, 323.5)	(18.0, 574.0)	(19.0, 942.0)	(20.0, 1590.0)	(21.0, 2333.5)	(22.0, 3991.5)	(23.0, 7498.5)	(24.0, 13658.5)	(25.0, 25059.5)	(26.0, 36749.0)	(27.0, 45213.5)	(28.0, 56234.0)	(29.0, 75006.0)	(30.0, 103774.0)	(31.0, 139292.5)	(32.0, 191590.5)	(33.0, 266756.5)	(34.0, 345785.5)	(35.0, 427626.0)	(36.0, 525051.0)	(37.0, 620055.5)	(38.0, 731545.0)	(39.0, 898395.5)	(40.0, 1049589.5)	(41.0, 1093089.0)	(42.0, 1031919.0)	(43.0, 952979.0)	(44.0, 869063.0)	(45.0, 739978.5)	(46.0, 582801.0)	(47.0, 446517.5)	(48.0, 365500.0)	(49.0, 295820.5)	(50.0, 210343.0)	(51.0, 133454.5)	(52.0, 89738.0)	(53.0, 66599.5)	(54.0, 42949.0)	(55.0, 24308.5)	(56.0, 14582.5)	(57.0, 10770.5)	(58.0, 9957.0)	(59.0, 8048.0)	(60.0, 4246.5)	(61.0, 1754.0)	(62.0, 736.5)	(63.0, 371.5)	(64.0, 239.0)	(65.0, 151.5)	(66.0, 71.5)	(67.0, 37.5)	(68.0, 18.0)	(69.0, 8.0)	(70.0, 6.0)	(71.0, 3.5)	(72.0, 2.5)	(73.0, 1.5)	(74.0, 1.0)	(75.0, 1.0)	(76.0, 1.5)	(77.0, 0.5)	(78.0, 1.0)	(79.0, 1.5)	(80.0, 1.0)	(81.0, 0.5)	(82.0, 0.0)	(83.0, 0.0)	(84.0, 0.0)	(85.0, 0.0)	(86.0, 0.0)	(87.0, 0.0)	(88.0, 0.0)	(89.0, 0.0)	(90.0, 0.5)	(91.0, 1.5)	(92.0, 1.5)	(93.0, 1.0)	(94.0, 1.0)	(95.0, 1.0)	(96.0, 1.0)	(97.0, 1.5)	(98.0, 3.5)	(99.0, 20.0)	(100.0, 44.5)
