Sample	0	1	2	3	4	5	6	7	8	9	10	11	12	13	14	15	16	17	18	19	20	21	22	23	24	25	26	27	28	29	30	31	32	33	34	35	36	37	38	39	40	41	42	43	44	45	46	47	48	49	50	51	52	53	54	55	56	57	58	59	60	61	62	63	64	65	66	67	68	69	70	71	72	73	74	75	76	77	78	79	80	81	82	83	84	85	86	87	88	89	90	91	92	93	94	95	96	97	98	99	100
ERR1797969_1	(0.0, 0.00017349471168841583)	(1.0, 0.00012144629818189109)	(2.0, 5.59038515440451e-05)	(3.0, 3.855438037520352e-05)	(4.0, 2.891578528140264e-05)	(5.0, 2.891578528140264e-05)	(6.0, 3.855438037520352e-05)	(7.0, 5.012069448776457e-05)	(8.0, 6.168700860032563e-05)	(9.0, 6.168700860032563e-05)	(10.0, 8.289191780668757e-05)	(11.0, 8.289191780668757e-05)	(12.0, 0.00010987998406933003)	(13.0, 0.00013301261229445215)	(14.0, 0.00014072348836949284)	(15.0, 0.0002101213730448592)	(16.0, 0.00034698942337683166)	(17.0, 0.0006168700860032563)	(18.0, 0.0013012103376631187)	(19.0, 0.0058390609078245725)	(20.0, 0.010392333230136108)	(21.0, 0.009214496909673641)	(22.0, 0.009565341771087992)	(23.0, 0.01567428334153899)	(24.0, 0.030600611703799036)	(25.0, 0.048956352200433435)	(26.0, 0.06703642887738512)	(27.0, 0.10251609741766617)	(28.0, 0.16767107253274136)	(29.0, 0.2398930655705913)	(30.0, 0.31983942871661336)	(31.0, 0.4371931794216766)	(32.0, 0.6121818733496315)	(33.0, 0.8451563553618926)	(34.0, 1.1032682933787863)	(35.0, 1.4608775208299678)	(36.0, 1.8309783675227151)	(37.0, 2.2084623780573143)	(38.0, 2.7623134016182815)	(39.0, 3.4082091528870095)	(40.0, 4.043899559670422)	(41.0, 4.55999813396799)	(42.0, 5.17255398480726)	(43.0, 5.699723449429569)	(44.0, 5.794050596455542)	(45.0, 5.667397529203979)	(46.0, 5.581224633627362)	(47.0, 5.515502909120771)	(48.0, 5.8149567092139955)	(49.0, 6.376512825692949)	(50.0, 6.095131391400599)	(51.0, 7.422728346992508)	(52.0, 7.665821426134241)	(53.0, 4.763688636366266)	(54.0, 2.3377409986124276)	(55.0, 0.8817194019907169)	(56.0, 0.36067622841002894)	(57.0, 0.20031121095838864)	(58.0, 0.15030810733076844)	(59.0, 0.10176043156231217)	(60.0, 0.056167949049615244)	(61.0, 0.021742742812596024)	(62.0, 0.00864967523717691)	(63.0, 0.004061703972527691)	(64.0, 0.001796634125484484)	(65.0, 0.0009253051290048844)	(66.0, 0.000514700978008967)	(67.0, 0.0003045796049641078)	(68.0, 0.0002101213730448592)	(69.0, 0.0001349403313132123)	(70.0, 8.096419878792738e-05)	(71.0, 5.012069448776457e-05)	(72.0, 2.5060347243882286e-05)	(73.0, 1.927719018760176e-05)	(74.0, 1.3494033131321232e-05)	(75.0, 7.710876075040704e-06)	(76.0, 5.783157056280528e-06)	(77.0, 5.783157056280528e-06)	(78.0, 7.710876075040704e-06)	(79.0, 1.1566314112561056e-05)	(80.0, 9.63859509380088e-06)	(81.0, 3.855438037520352e-06)	(82.0, 0.0)	(83.0, 1.927719018760176e-06)	(84.0, 1.927719018760176e-06)	(85.0, 1.927719018760176e-06)	(86.0, 1.927719018760176e-06)	(87.0, 0.0)	(88.0, 0.0)	(89.0, 0.0)	(90.0, 0.0)	(91.0, 0.0)	(92.0, 0.0)	(93.0, 0.0)	(94.0, 3.855438037520352e-06)	(95.0, 3.855438037520352e-06)	(96.0, 0.0)	(97.0, 0.0)	(98.0, 1.927719018760176e-06)	(99.0, 1.927719018760176e-06)	(100.0, 1.927719018760176e-06)
ERR1797969_2	(0.0, 5.012085294279575e-05)	(1.0, 5.2048578055980206e-05)	(2.0, 6.168720362190247e-05)	(3.0, 6.939810407464029e-05)	(4.0, 8.289217986693145e-05)	(5.0, 0.00010988033145151378)	(6.0, 0.00014843483371520283)	(7.0, 0.00016771208484704734)	(8.0, 0.00017927843552615407)	(9.0, 0.0001927725113184452)	(10.0, 0.0002506042647139788)	(11.0, 0.0003122914683358813)	(12.0, 0.00037205094684459927)	(13.0, 0.00048385900340929753)	(14.0, 0.0005898838846344423)	(15.0, 0.0007884395712924409)	(16.0, 0.0011720568688161472)	(17.0, 0.001904592411826239)	(18.0, 0.0029976125510018234)	(19.0, 0.006629446664241331)	(20.0, 0.013037204940466451)	(21.0, 0.018413630281137888)	(22.0, 0.025856576943143063)	(23.0, 0.03331301768094052)	(24.0, 0.044840813857783546)	(25.0, 0.06884099151692998)	(26.0, 0.0991409748459632)	(27.0, 0.1357291974942041)	(28.0, 0.19351661321213443)	(29.0, 0.26904295542158807)	(30.0, 0.37778014588098346)	(31.0, 0.5316993575431961)	(32.0, 0.7361442444219731)	(33.0, 1.000231018577564)	(34.0, 1.2791053720763927)	(35.0, 1.5959886816318793)	(36.0, 1.9522361379985926)	(37.0, 2.33877201134366)	(38.0, 2.8032419555645482)	(39.0, 3.41946434842043)	(40.0, 4.3778213220894004)	(41.0, 5.483176974264253)	(42.0, 5.839349249351552)	(43.0, 5.475957643715377)	(44.0, 5.161564955006124)	(45.0, 5.161025191974433)	(46.0, 5.175558311602731)	(47.0, 5.58468134009898)	(48.0, 6.813906824871725)	(49.0, 7.143836977993244)	(50.0, 6.349573749133873)	(51.0, 6.114171524662467)	(52.0, 5.86552390093837)	(53.0, 4.106308950797824)	(54.0, 2.028178868832494)	(55.0, 1.019251882269355)	(56.0, 0.5290390968870016)	(57.0, 0.26287616278451104)	(58.0, 0.19263371511029595)	(59.0, 0.15728501970983266)	(60.0, 0.09845084925544315)	(61.0, 0.04672034584313839)	(62.0, 0.02202618714324555)	(63.0, 0.010700802103286895)	(64.0, 0.006583181261524905)	(65.0, 0.004692082925490957)	(66.0, 0.0031749632614147933)	(67.0, 0.00221688388016212)	(68.0, 0.0016212168201881242)	(69.0, 0.001249165873343525)	(70.0, 0.0009715734570449639)	(71.0, 0.0007691623201605965)	(72.0, 0.0006689206142750049)	(73.0, 0.0005301244061257244)	(74.0, 0.0004510876764851618)	(75.0, 0.00040674999888191943)	(76.0, 0.0003527736957127548)	(77.0, 0.00032000236878861906)	(78.0, 0.00027759241629856117)	(79.0, 0.00024096563914805652)	(80.0, 0.00020819431222392082)	(81.0, 0.00019662796154481415)	(82.0, 0.0001927725113184452)	(83.0, 0.00016771208484704734)	(84.0, 0.00013879620814928058)	(85.0, 9.445853054603817e-05)	(86.0, 8.48199049801159e-05)	(87.0, 0.00011759123190425159)	(88.0, 0.00011759123190425159)	(89.0, 0.00010216943099877598)	(90.0, 0.00012144668213062049)	(91.0, 0.00011373578167788268)	(92.0, 8.289217986693145e-05)	(93.0, 7.32535543010092e-05)	(94.0, 8.0964454753747e-05)	(95.0, 9.63862556592226e-05)	(96.0, 8.674763009330036e-05)	(97.0, 9.060308031966926e-05)	(98.0, 0.00013494075792291167)	(99.0, 0.00018313388575252296)	(100.0, 0.00035855687105230814)
ERR1797970_1	(0.0, 0.0002740814895705704)	(1.0, 0.00019335885908060792)	(2.0, 7.884536001345177e-05)	(3.0, 4.3177220959747397e-05)	(4.0, 4.5054491436258156e-05)	(5.0, 4.6931761912768915e-05)	(6.0, 5.631811429532269e-05)	(7.0, 7.32135485839195e-05)	(8.0, 8.072263048996252e-05)	(9.0, 6.758173715438723e-05)	(10.0, 5.444084381881194e-05)	(11.0, 7.509081906043025e-05)	(12.0, 0.00010888168763762387)	(13.0, 0.00013891801526179598)	(14.0, 0.00016144526097992503)	(15.0, 0.00023090426861082305)	(16.0, 0.0003829631772081943)	(17.0, 0.0007377672972687273)	(18.0, 0.0017064388631482777)	(19.0, 0.00702474612310325)	(20.0, 0.01213467636016553)	(21.0, 0.010706073527540844)	(22.0, 0.011513299832440468)	(23.0, 0.018599995881268573)	(24.0, 0.0353583894250801)	(25.0, 0.056710463824913446)	(26.0, 0.07795928834853869)	(27.0, 0.11789821773630503)	(28.0, 0.1939483220102323)	(29.0, 0.2808640678022038)	(30.0, 0.3672147551807456)	(31.0, 0.49617760510560505)	(32.0, 0.6989378347325788)	(33.0, 0.9594823268970302)	(34.0, 1.2300833570041498)	(35.0, 1.6205856524460112)	(36.0, 2.0215856443925206)	(37.0, 2.405911719966662)	(38.0, 2.9817137523334707)	(39.0, 3.6252908807137474)	(40.0, 4.217092889351857)	(41.0, 4.710176752712172)	(42.0, 5.323086790588169)	(43.0, 5.904522511654987)	(44.0, 5.965511274895868)	(45.0, 5.725168090329149)	(46.0, 5.622030850349648)	(47.0, 5.488038792818217)	(48.0, 5.604575989459051)	(49.0, 6.063544216449737)	(50.0, 5.479889561679683)	(51.0, 6.27830771350352)	(52.0, 6.574542871967394)	(53.0, 4.716538822357067)	(54.0, 2.9059020614100604)	(55.0, 1.120794301673123)	(56.0, 0.4106116167862447)	(57.0, 0.23766807413769128)	(58.0, 0.18324224848269144)	(59.0, 0.12449306892028732)	(60.0, 0.06759675531819931)	(61.0, 0.02380003510120337)	(62.0, 0.00955530672543975)	(63.0, 0.004353390235028444)	(64.0, 0.0020255748441551065)	(65.0, 0.0010737987125641526)	(66.0, 0.0006345174210606357)	(67.0, 0.0003491723086310007)	(68.0, 0.0002027452114631617)	(69.0, 0.00011826804002017766)	(70.0, 7.884536001345177e-05)	(71.0, 4.6931761912768915e-05)	(72.0, 2.628178667115059e-05)	(73.0, 1.8772704765107563e-05)	(74.0, 1.1263622859064539e-05)	(75.0, 1.501816381208605e-05)	(76.0, 1.501816381208605e-05)	(77.0, 1.3140893335575295e-05)	(78.0, 7.509081906043025e-06)	(79.0, 3.7545409530215125e-06)	(80.0, 1.8772704765107563e-06)	(81.0, 3.7545409530215125e-06)	(82.0, 3.7545409530215125e-06)	(83.0, 5.6318114295322694e-06)	(84.0, 9.386352382553782e-06)	(85.0, 3.7545409530215125e-06)	(86.0, 0.0)	(87.0, 0.0)	(88.0, 0.0)	(89.0, 0.0)	(90.0, 1.8772704765107563e-06)	(91.0, 3.7545409530215125e-06)	(92.0, 1.8772704765107563e-06)	(93.0, 1.8772704765107563e-06)	(94.0, 3.7545409530215125e-06)	(95.0, 1.8772704765107563e-06)	(96.0, 0.0)	(97.0, 0.0)	(98.0, 1.8772704765107563e-06)	(99.0, 3.7545409530215125e-06)	(100.0, 9.386352382553782e-06)
ERR1797970_2	(0.0, 0.00012014568039202784)	(1.0, 0.00011451385162365153)	(2.0, 0.0001013729178307735)	(3.0, 9.198653655014632e-05)	(4.0, 0.00011639112787977698)	(5.0, 0.00016707758679516372)	(6.0, 0.00017458669181966548)	(7.0, 0.00017458669181966548)	(8.0, 0.00022902770324730306)	(9.0, 0.00026094139960143543)	(10.0, 0.00033415517359032743)	(11.0, 0.00041487805260372116)	(12.0, 0.0004730736165436097)	(13.0, 0.0005875874681672611)	(14.0, 0.0007152422535837907)	(15.0, 0.000940515404318843)	(16.0, 0.0013741662194838185)	(17.0, 0.002402913607840557)	(18.0, 0.003899102783972529)	(19.0, 0.00824499731690291)	(20.0, 0.016168980394008374)	(21.0, 0.0230642160827571)	(22.0, 0.0311759267854751)	(23.0, 0.03930641025075436)	(24.0, 0.05252431237013355)	(25.0, 0.08064778796314868)	(26.0, 0.1169392925465656)	(27.0, 0.15836327041422946)	(28.0, 0.2236192703534057)	(29.0, 0.30971491401183043)	(30.0, 0.43592795126365563)	(31.0, 0.6109726984898157)	(32.0, 0.8420654056188568)	(33.0, 1.1399497246645847)	(34.0, 1.4480220219523052)	(35.0, 1.7908258072546028)	(36.0, 2.1662472675070794)	(37.0, 2.568123304760876)	(38.0, 3.040665652124002)	(39.0, 3.674032379073138)	(40.0, 4.6976153804492755)	(41.0, 5.8903672543699)	(42.0, 6.191289006398039)	(43.0, 5.639037509199827)	(44.0, 5.197066605667704)	(45.0, 5.167219790471565)	(46.0, 5.151030160038739)	(47.0, 5.475258296786675)	(48.0, 6.617898158326288)	(49.0, 6.8551258042603465)	(50.0, 5.936859878129103)	(51.0, 5.539040634864794)	(52.0, 5.193193784751317)	(53.0, 3.5729917391396984)	(54.0, 1.771598743839366)	(55.0, 0.9317766833465791)	(56.0, 0.4983661595423876)	(57.0, 0.26511833927131456)	(58.0, 0.21143011562238323)	(59.0, 0.18192871925737203)	(60.0, 0.11465277006660482)	(61.0, 0.051208341714589614)	(62.0, 0.02273381546167902)	(63.0, 0.010696720107402729)	(64.0, 0.006264470866690577)	(65.0, 0.004492322080908166)	(66.0, 0.0031144013089120966)	(67.0, 0.0022208178109963898)	(68.0, 0.001631353066573003)	(69.0, 0.0012371250527866617)	(70.0, 0.0009724291006729754)	(71.0, 0.0007903333038288081)	(72.0, 0.0006833285572296583)	(73.0, 0.0005988511257040138)	(74.0, 0.0005237600754589964)	(75.0, 0.00042614171014047377)	(76.0, 0.00039047346127409044)	(77.0, 0.00036231431743220896)	(78.0, 0.00027595960965043896)	(79.0, 0.0002909778196994424)	(80.0, 0.000245923189552432)	(81.0, 0.00016895486305128918)	(82.0, 0.00018397307310029265)	(83.0, 0.00016144575802678741)	(84.0, 0.00014642754797778394)	(85.0, 0.00014267299546553305)	(86.0, 0.00013516389044103134)	(87.0, 0.00013328661418490588)	(88.0, 0.00010888202285527523)	(89.0, 9.949564157464806e-05)	(90.0, 0.00010700474659914981)	(91.0, 0.0001013729178307735)	(92.0, 9.010926029402089e-05)	(93.0, 9.010926029402089e-05)	(94.0, 9.386381280627176e-05)	(95.0, 8.635470778177002e-05)	(96.0, 8.447743152564459e-05)	(97.0, 9.386381280627176e-05)	(98.0, 0.00012202295664815328)	(99.0, 0.00018397307310029265)	(100.0, 0.0003472961073832055)
ERR1797971_1	(0.0, 0.00010865774007112736)	(1.0, 8.692619205690189e-05)	(2.0, 4.527405836296973e-05)	(3.0, 2.5353472683263047e-05)	(4.0, 2.5353472683263047e-05)	(5.0, 2.3542510348744262e-05)	(6.0, 2.897539735230063e-05)	(7.0, 3.621924669037578e-05)	(8.0, 3.8030209024894575e-05)	(9.0, 4.3463096028450945e-05)	(10.0, 5.6139832370082466e-05)	(11.0, 6.881656871171399e-05)	(12.0, 9.054811672593946e-05)	(13.0, 0.00012314543874727767)	(14.0, 0.00014487698676150313)	(15.0, 0.00019196200745899165)	(16.0, 0.00030967455920271296)	(17.0, 0.0005813189093805314)	(18.0, 0.0013890081105759112)	(19.0, 0.005898304323527697)	(20.0, 0.010302564721077392)	(21.0, 0.009194255772351893)	(22.0, 0.009554637276921133)	(23.0, 0.015279089216335025)	(24.0, 0.0300329993556596)	(25.0, 0.048108214416491636)	(26.0, 0.06563289692762996)	(27.0, 0.09903971911249806)	(28.0, 0.1623111211559155)	(29.0, 0.2370911888351999)	(30.0, 0.3138560712331168)	(31.0, 0.4277112732043131)	(32.0, 0.6075742413063847)	(33.0, 0.8342288542077528)	(34.0, 1.075372976747606)	(35.0, 1.4318826438456438)	(36.0, 1.7998665682951929)	(37.0, 2.151861506293275)	(38.0, 2.6836161875403617)	(39.0, 3.301952978000792)	(40.0, 3.907971602661825)	(41.0, 4.428398714506496)	(42.0, 5.07758343737312)	(43.0, 5.691356602750562)	(44.0, 5.844755978258311)	(45.0, 5.700826124797761)	(46.0, 5.615346891646139)	(47.0, 5.5338535865927945)	(48.0, 5.7507670330967855)	(49.0, 6.347614944495815)	(50.0, 5.896636427217604)	(51.0, 6.82520555327978)	(52.0, 7.528297191958024)	(53.0, 5.369677174232324)	(54.0, 2.8634085281113872)	(55.0, 1.1049206381976144)	(56.0, 0.46759047477275145)	(57.0, 0.26802785839578436)	(58.0, 0.20251086305756363)	(59.0, 0.13448749584836886)	(60.0, 0.07110381414021122)	(61.0, 0.025838810588914084)	(62.0, 0.010550666560906467)	(63.0, 0.004536460647969567)	(64.0, 0.002131502667728615)	(65.0, 0.0011825584044407695)	(66.0, 0.0006428916287541702)	(67.0, 0.00036219246690375785)	(68.0, 0.00020644970613514196)	(69.0, 0.00014125506209246557)	(70.0, 8.51152297223831e-05)	(71.0, 5.251790770104489e-05)	(72.0, 3.4408284355856996e-05)	(73.0, 1.810962334518789e-05)	(74.0, 9.054811672593946e-06)	(75.0, 1.0865774007112736e-05)	(76.0, 7.243849338075157e-06)	(77.0, 1.4487698676150315e-05)	(78.0, 1.2676736341631524e-05)	(79.0, 0.0)	(80.0, 5.432887003556368e-06)	(81.0, 7.243849338075157e-06)	(82.0, 1.8109623345187893e-06)	(83.0, 1.8109623345187893e-06)	(84.0, 3.6219246690375786e-06)	(85.0, 3.6219246690375786e-06)	(86.0, 1.8109623345187893e-06)	(87.0, 0.0)	(88.0, 0.0)	(89.0, 0.0)	(90.0, 1.8109623345187893e-06)	(91.0, 1.8109623345187893e-06)	(92.0, 0.0)	(93.0, 0.0)	(94.0, 1.8109623345187893e-06)	(95.0, 1.8109623345187893e-06)	(96.0, 0.0)	(97.0, 0.0)	(98.0, 0.0)	(99.0, 1.8109623345187893e-06)	(100.0, 1.8109623345187893e-06)
ERR1797971_2	(0.0, 4.708513581118861e-05)	(1.0, 5.4329002859063776e-05)	(2.0, 6.338383666890774e-05)	(3.0, 9.054833809843963e-05)	(4.0, 9.960317190828359e-05)	(5.0, 0.00011771283952797152)	(6.0, 0.00013763347390962822)	(7.0, 0.00015212120800537856)	(8.0, 0.00020282827734050476)	(9.0, 0.00025715728019956856)	(10.0, 0.00030605338277272593)	(11.0, 0.0003603823856317897)	(12.0, 0.00042014428877675984)	(13.0, 0.0004654184578259797)	(14.0, 0.0005233693942089811)	(15.0, 0.0006972222033579851)	(16.0, 0.0010358729878461495)	(17.0, 0.001805533861682886)	(18.0, 0.0031094299303004165)	(19.0, 0.006597351913852312)	(20.0, 0.0127492060042603)	(21.0, 0.01871271955142353)	(22.0, 0.026099652973494238)	(23.0, 0.03359162246775913)	(24.0, 0.04525968131512406)	(25.0, 0.06937994761778642)	(26.0, 0.10084006220670827)	(27.0, 0.1375248159039101)	(28.0, 0.19571298893272937)	(29.0, 0.27009120481354965)	(30.0, 0.37861519899129153)	(31.0, 0.5358849855009473)	(32.0, 0.741210586006207)	(33.0, 1.0051390709287769)	(34.0, 1.2832963217001356)	(35.0, 1.5976095238742012)	(36.0, 1.9449094856175284)	(37.0, 2.318644129185314)	(38.0, 2.760945596294762)	(39.0, 3.3718027947744553)	(40.0, 4.396958481323273)	(41.0, 5.6012568109328065)	(42.0, 5.9330548971936805)	(43.0, 5.446732450034295)	(44.0, 5.08065095200259)	(45.0, 5.107342791107248)	(46.0, 5.147846873705442)	(47.0, 5.532021740655978)	(48.0, 6.70412470317123)	(49.0, 7.030949874703738)	(50.0, 6.334484655452255)	(51.0, 6.170449097119883)	(52.0, 5.852791039336462)	(53.0, 4.036157762369469)	(54.0, 2.0424354786498338)	(55.0, 1.1024803453513616)	(56.0, 0.592776506328197)	(57.0, 0.3119752440843639)	(58.0, 0.24704665276749677)	(59.0, 0.20865596838052033)	(60.0, 0.1289607540865597)	(61.0, 0.05754527982832035)	(62.0, 0.025733837687576543)	(63.0, 0.01217875147424013)	(64.0, 0.007218513513207608)	(65.0, 0.005023621797701431)	(66.0, 0.0037215366958458685)	(67.0, 0.002732748843810908)	(68.0, 0.0019522221694023582)	(69.0, 0.0014614501769088155)	(70.0, 0.0011300432594685264)	(71.0, 0.0008964285471745522)	(72.0, 0.0007624170067888617)	(73.0, 0.0006664357684045156)	(74.0, 0.0005143145603991371)	(75.0, 0.0004056565546810095)	(76.0, 0.0003332178842022578)	(77.0, 0.000340461751250133)	(78.0, 0.00032597401715438266)	(79.0, 0.00025534631343759976)	(80.0, 0.00025353534667563096)	(81.0, 0.00025896824696153737)	(82.0, 0.00022999277877003665)	(83.0, 0.0001702308756250665)	(84.0, 0.00015212120800537856)	(85.0, 0.00015031024124340979)	(86.0, 0.00013220057362372186)	(87.0, 0.0001231457398138779)	(88.0, 0.0001231457398138779)	(89.0, 0.0001231457398138779)	(90.0, 0.0001249567065758467)	(91.0, 0.00011590187276600273)	(92.0, 9.235930486040842e-05)	(93.0, 9.5981238384346e-05)	(94.0, 9.235930486040842e-05)	(95.0, 7.787157076465807e-05)	(96.0, 9.5981238384346e-05)	(97.0, 0.00010684703895615876)	(98.0, 0.00012857864009978428)	(99.0, 0.00015212120800537856)	(100.0, 0.0002861327483910692)
ERR1797972_1	(0.0, 8.124408476128891e-05)	(1.0, 5.539369415542425e-05)	(2.0, 2.400393413401718e-05)	(3.0, 1.2925195302932325e-05)	(4.0, 1.107873883108485e-05)	(5.0, 1.6618108246627278e-05)	(6.0, 1.107873883108485e-05)	(7.0, 5.539369415542425e-06)	(8.0, 1.107873883108485e-05)	(9.0, 1.47716517747798e-05)	(10.0, 1.6618108246627278e-05)	(11.0, 2.0311021190322228e-05)	(12.0, 2.95433035495596e-05)	(13.0, 3.877558590879698e-05)	(14.0, 5.90866070991192e-05)	(15.0, 9.232282359237376e-05)	(16.0, 0.00019203147307213743)	(17.0, 0.0005742479627445648)	(18.0, 0.001181732141982384)	(19.0, 0.002673668971235144)	(20.0, 0.004555208116047721)	(21.0, 0.006534609453868215)	(22.0, 0.009810223234925636)	(23.0, 0.01930839532610905)	(24.0, 0.03763078289625154)	(25.0, 0.05527921385416971)	(26.0, 0.07197302681614273)	(27.0, 0.12840258305227342)	(28.0, 0.19666977172941827)	(29.0, 0.2616225710395969)	(30.0, 0.3512034067712772)	(31.0, 0.47698402163352716)	(32.0, 0.6796400052446749)	(33.0, 1.0393297259605632)	(34.0, 1.4319214545483014)	(35.0, 1.8874847346519261)	(36.0, 2.3118761365978213)	(37.0, 2.902727435937239)	(38.0, 3.911575858460544)	(39.0, 4.897352807368114)	(40.0, 5.768924577035447)	(41.0, 6.5366387095307745)	(42.0, 7.145191987065794)	(43.0, 7.655439922039653)	(44.0, 7.924902547258715)	(45.0, 7.833094885021986)	(46.0, 7.2888019856202035)	(47.0, 6.453876837549627)	(48.0, 5.593921125546688)	(49.0, 4.796418110791045)	(50.0, 3.681836051320337)	(51.0, 2.779280742055404)	(52.0, 2.2427632708565706)	(53.0, 1.4753482643096822)	(54.0, 0.8595771884262113)	(55.0, 0.4735939275512152)	(56.0, 0.2875375876219762)	(57.0, 0.2124181989778054)	(58.0, 0.14066674693828435)	(59.0, 0.07831191188399513)	(60.0, 0.04359114438737519)	(61.0, 0.01930839532610905)	(62.0, 0.011051041984007139)	(63.0, 0.0064718299338254)	(64.0, 0.002149275333230461)	(65.0, 0.0008881455629586356)	(66.0, 0.0004357637273560042)	(67.0, 0.000221574776621697)	(68.0, 0.0001107873883108485)	(69.0, 7.201180240205153e-05)	(70.0, 2.95433035495596e-05)	(71.0, 2.21574776621697e-05)	(72.0, 2.400393413401718e-05)	(73.0, 1.846456471847475e-05)	(74.0, 1.107873883108485e-05)	(75.0, 7.3858258873899e-06)	(76.0, 3.69291294369495e-06)	(77.0, 1.846456471847475e-06)	(78.0, 3.69291294369495e-06)	(79.0, 1.846456471847475e-06)	(80.0, 1.846456471847475e-06)	(81.0, 1.846456471847475e-06)	(82.0, 0.0)	(83.0, 1.846456471847475e-06)	(84.0, 3.69291294369495e-06)	(85.0, 1.846456471847475e-06)	(86.0, 1.846456471847475e-06)	(87.0, 3.69291294369495e-06)	(88.0, 3.69291294369495e-06)	(89.0, 1.846456471847475e-06)	(90.0, 0.0)	(91.0, 0.0)	(92.0, 0.0)	(93.0, 0.0)	(94.0, 0.0)	(95.0, 0.0)	(96.0, 0.0)	(97.0, 0.0)	(98.0, 0.0)	(99.0, 1.846456471847475e-06)	(100.0, 3.69291294369495e-06)
ERR1797972_2	(0.0, 5.53938179169753e-05)	(1.0, 5.170089672251028e-05)	(2.0, 5.3547357319742785e-05)	(3.0, 6.647258150037037e-05)	(4.0, 7.570488448653292e-05)	(5.0, 9.786241165332303e-05)	(6.0, 0.00013109870240350822)	(7.0, 0.00015510269016753083)	(8.0, 0.00020495712629280865)	(9.0, 0.0002511186412236214)	(10.0, 0.0002640438654042489)	(11.0, 0.0003471345922797119)	(12.0, 0.00042099301616901235)	(13.0, 0.0005299341914057304)	(14.0, 0.0006130249182811934)	(15.0, 0.0007478165418791666)	(16.0, 0.0011484984914786212)	(17.0, 0.002084654014275504)	(18.0, 0.0031999162150039397)	(19.0, 0.004800797552804526)	(20.0, 0.006972235215149958)	(21.0, 0.009860099589221603)	(22.0, 0.017436127419666592)	(23.0, 0.03175358289060748)	(24.0, 0.057882846802044724)	(25.0, 0.10662202072659406)	(26.0, 0.15583942794582661)	(27.0, 0.1917050785864709)	(28.0, 0.23575424259404967)	(29.0, 0.311732403248973)	(30.0, 0.43802107579669053)	(31.0, 0.6047047668300637)	(32.0, 0.844260871793815)	(33.0, 1.1832784232880929)	(34.0, 1.5492118309082288)	(35.0, 1.9466384704747628)	(36.0, 2.4562006621112267)	(37.0, 3.03250317203466)	(38.0, 3.787823729780979)	(39.0, 4.904729280440953)	(40.0, 6.042523839837417)	(41.0, 6.809201976717313)	(42.0, 7.189650411092295)	(43.0, 7.4571268467467995)	(44.0, 7.561056727922627)	(45.0, 7.2224306260749636)	(46.0, 6.54263953905844)	(47.0, 5.781365992346642)	(48.0, 5.191351666028161)	(49.0, 4.613115911859425)	(50.0, 3.827677735311646)	(51.0, 3.048800033265834)	(52.0, 2.3698564716634403)	(53.0, 1.6379084121568899)	(54.0, 0.9976038850121833)	(55.0, 0.6026090340522048)	(56.0, 0.36513758310272887)	(57.0, 0.25137899216783116)	(58.0, 0.2093793994231805)	(59.0, 0.17716235492266766)	(60.0, 0.11639164374655127)	(61.0, 0.04901798947473144)	(62.0, 0.02042000774479433)	(63.0, 0.009175062707648342)	(64.0, 0.004407501445594001)	(65.0, 0.0028121594895851127)	(66.0, 0.0019886380632194137)	(67.0, 0.0014827078595777057)	(68.0, 0.0010524825404225307)	(69.0, 0.0007958245174072119)	(70.0, 0.0006499541302258435)	(71.0, 0.0005520917185725205)	(72.0, 0.00046530807050259253)	(73.0, 0.00037483150123819955)	(74.0, 0.00033790228929354935)	(75.0, 0.0003323629075018518)	(76.0, 0.0002917407743627366)	(77.0, 0.00022711465345959874)	(78.0, 0.00021418942927897114)	(79.0, 0.0002012642050983436)	(80.0, 0.00016987437494539093)	(81.0, 0.00016987437494539093)	(82.0, 0.00017172083554262344)	(83.0, 0.00014217746598690326)	(84.0, 0.00012186639941734566)	(85.0, 0.00012371286001457819)	(86.0, 0.00010524825404225309)	(87.0, 8.493718747269547e-05)	(88.0, 0.00011263409643118313)	(89.0, 0.00010340179344502056)	(90.0, 6.831904209760288e-05)	(91.0, 7.38584238893004e-05)	(92.0, 9.786241165332303e-05)	(93.0, 8.493718747269547e-05)	(94.0, 7.755134508376541e-05)	(95.0, 9.970887225055556e-05)	(96.0, 9.786241165332303e-05)	(97.0, 0.00011263409643118313)	(98.0, 0.00013663808419520575)	(99.0, 0.00015325622957029834)	(100.0, 0.0002935872349599691)
ERR1797973_1	(0.0, 7.0971288210498e-05)	(1.0, 6.053433406189536e-05)	(2.0, 3.757303493496953e-05)	(3.0, 1.4611735808043707e-05)	(4.0, 6.262172489161589e-06)	(5.0, 1.0436954148602648e-05)	(6.0, 1.4611735808043707e-05)	(7.0, 1.0436954148602648e-05)	(8.0, 6.262172489161589e-06)	(9.0, 1.2524344978323178e-05)	(10.0, 1.0436954148602648e-05)	(11.0, 2.5048689956646356e-05)	(12.0, 3.5485644105249e-05)	(13.0, 4.383520742413112e-05)	(14.0, 6.262172489161589e-05)	(15.0, 9.393258733742384e-05)	(16.0, 0.0002191760371206556)	(17.0, 0.0007556354803588316)	(18.0, 0.0013964644650830342)	(19.0, 0.002870162390865728)	(20.0, 0.005072359716220887)	(21.0, 0.007545917849439714)	(22.0, 0.011380454803636326)	(23.0, 0.021723476364901552)	(24.0, 0.042399082533283394)	(25.0, 0.06316653389817294)	(26.0, 0.0843619003831552)	(27.0, 0.15864170305876024)	(28.0, 0.2373071138676081)	(29.0, 0.31375989039695223)	(30.0, 0.4218783858131568)	(31.0, 0.5610426450397947)	(32.0, 0.7915678261016409)	(33.0, 1.2338838555285914)	(34.0, 1.682846137357372)	(35.0, 2.168932665092732)	(36.0, 2.6282254441378)	(37.0, 3.28386029201721)	(38.0, 4.3678506994544)	(39.0, 5.321068158800428)	(40.0, 6.1143121597383345)	(41.0, 6.7942108386224165)	(42.0, 7.3424682148301725)	(43.0, 7.693093514670819)	(44.0, 7.698011407465641)	(45.0, 7.424815783062648)	(46.0, 6.830389496483133)	(47.0, 6.010892381079831)	(48.0, 5.170861602084568)	(49.0, 4.456535586245907)	(50.0, 3.3684434558283156)	(51.0, 2.4145413322901392)	(52.0, 1.97303521050512)	(53.0, 1.3769828464692526)	(54.0, 0.8110306581979551)	(55.0, 0.42276552691578806)	(56.0, 0.24821164356206815)	(57.0, 0.17605471736028888)	(58.0, 0.11771840584208926)	(59.0, 0.06811991233709976)	(60.0, 0.03831823346117976)	(61.0, 0.01770524901768953)	(62.0, 0.010084185098379878)	(63.0, 0.005736150000072015)	(64.0, 0.0018786517467484765)	(65.0, 0.0007118002729347005)	(66.0, 0.0003214581877769615)	(67.0, 0.00016907865720736288)	(68.0, 9.18451965077033e-05)	(69.0, 5.635955240245429e-05)	(70.0, 3.757303493496953e-05)	(71.0, 2.0873908297205296e-05)	(72.0, 1.8786517467484765e-05)	(73.0, 1.6699126637764237e-05)	(74.0, 6.262172489161589e-06)	(75.0, 4.174781659441059e-06)	(76.0, 2.0873908297205296e-06)	(77.0, 6.262172489161589e-06)	(78.0, 6.262172489161589e-06)	(79.0, 4.174781659441059e-06)	(80.0, 6.262172489161589e-06)	(81.0, 4.174781659441059e-06)	(82.0, 4.174781659441059e-06)	(83.0, 4.174781659441059e-06)	(84.0, 4.174781659441059e-06)	(85.0, 6.262172489161589e-06)	(86.0, 4.174781659441059e-06)	(87.0, 0.0)	(88.0, 0.0)	(89.0, 0.0)	(90.0, 0.0)	(91.0, 0.0)	(92.0, 0.0)	(93.0, 0.0)	(94.0, 0.0)	(95.0, 0.0)	(96.0, 0.0)	(97.0, 0.0)	(98.0, 0.0)	(99.0, 2.0873908297205296e-06)	(100.0, 2.0873908297205296e-06)
ERR1797973_2	(0.0, 6.67966431931434e-05)	(1.0, 5.427227259442901e-05)	(2.0, 5.218487749464327e-05)	(3.0, 8.76705941910007e-05)	(4.0, 9.602017459014362e-05)	(5.0, 0.00011898152068778666)	(6.0, 0.0001669916079828585)	(7.0, 0.00017951597858157286)	(8.0, 0.00019204034918028723)	(9.0, 0.00024631262177471624)	(10.0, 0.0003381580061652884)	(11.0, 0.00041956641505693187)	(12.0, 0.00041539162485736044)	(13.0, 0.0005134991945472898)	(14.0, 0.000659616851532291)	(15.0, 0.0007952975330183634)	(16.0, 0.0012837479863682245)	(17.0, 0.0023608438578576617)	(18.0, 0.003655028819724815)	(19.0, 0.005427227259442901)	(20.0, 0.008176326605860708)	(21.0, 0.011434750356626234)	(22.0, 0.01937311392111137)	(23.0, 0.03593868143301093)	(24.0, 0.0685646668426619)	(25.0, 0.1283393129201261)	(26.0, 0.18570301765733777)	(27.0, 0.22535308757776776)	(28.0, 0.27453420352381935)	(29.0, 0.35848714704210166)	(30.0, 0.49643891439674104)	(31.0, 0.6805680361488404)	(32.0, 0.9543132043249407)	(33.0, 1.3517177456074476)	(34.0, 1.779322719193654)	(35.0, 2.23392397360539)	(36.0, 2.797526912732837)	(37.0, 3.401368567198853)	(38.0, 4.178453577971586)	(39.0, 5.369540008465222)	(40.0, 6.560868576790433)	(41.0, 7.241943849948522)	(42.0, 7.426943415457233)	(43.0, 7.520095509180269)	(44.0, 7.475988850721797)	(45.0, 6.991633866557716)	(46.0, 6.178249054999709)	(47.0, 5.316355268717782)	(48.0, 4.689266295025451)	(49.0, 4.11275072981073)	(50.0, 3.371285029020741)	(51.0, 2.6534173298338293)	(52.0, 2.051805013334384)	(53.0, 1.4182388526474192)	(54.0, 0.8614783946570701)	(55.0, 0.5191288991314119)	(56.0, 0.31750531904800844)	(57.0, 0.22498570604020546)	(58.0, 0.18289338385302617)	(59.0, 0.1423248600886905)	(60.0, 0.08908376067355564)	(61.0, 0.038130446287785946)	(62.0, 0.015970659908460628)	(63.0, 0.006951025682286485)	(64.0, 0.003819933032607888)	(65.0, 0.0025654085776366633)	(66.0, 0.0016114690170345844)	(67.0, 0.0012065143676761524)	(68.0, 0.0009497647704025075)	(69.0, 0.0007514622359228631)	(70.0, 0.0005782084426406475)	(71.0, 0.00044878994645393216)	(72.0, 0.0003652941424625029)	(73.0, 0.0003381580061652884)	(74.0, 0.00035276977186378855)	(75.0, 0.00027971094337128795)	(76.0, 0.00022335127567707323)	(77.0, 0.00021500169527793026)	(78.0, 0.00017951597858157286)	(79.0, 0.0001607294226835013)	(80.0, 0.000162816817783287)	(81.0, 0.0001607294226835013)	(82.0, 0.00014611765698500118)	(83.0, 0.00012733110108692958)	(84.0, 0.00010645715008907227)	(85.0, 9.184538439057217e-05)	(86.0, 9.602017459014362e-05)	(87.0, 8.76705941910007e-05)	(88.0, 8.349580399142924e-05)	(89.0, 8.558319909121497e-05)	(90.0, 8.14084088916435e-05)	(91.0, 8.349580399142924e-05)	(92.0, 7.932101379185779e-05)	(93.0, 8.975798929078643e-05)	(94.0, 8.76705941910007e-05)	(95.0, 8.14084088916435e-05)	(96.0, 8.558319909121497e-05)	(97.0, 9.602017459014362e-05)	(98.0, 0.00012315631088735812)	(99.0, 0.0001816033736813586)	(100.0, 0.00031519666006764535)
ERR1797974_1	(0.0, 2.5817356531174816e-05)	(1.0, 3.657458841916432e-05)	(2.0, 3.872603479676222e-05)	(3.0, 2.5817356531174816e-05)	(4.0, 1.721157102078321e-05)	(5.0, 6.454339132793704e-06)	(6.0, 4.302892755195803e-06)	(7.0, 8.605785510391605e-06)	(8.0, 1.0757231887989505e-05)	(9.0, 1.0757231887989505e-05)	(10.0, 1.721157102078321e-05)	(11.0, 2.151446377597901e-05)	(12.0, 1.2908678265587408e-05)	(13.0, 2.151446377597901e-05)	(14.0, 4.302892755195802e-05)	(15.0, 9.896653336950346e-05)	(16.0, 0.00023450765515817121)	(17.0, 0.0006669483770553493)	(18.0, 0.0013145337367123176)	(19.0, 0.002887241038736383)	(20.0, 0.004862268813371257)	(21.0, 0.007157862098268217)	(22.0, 0.010953013508350914)	(23.0, 0.02022144450304267)	(24.0, 0.038747549260538194)	(25.0, 0.06041046283657146)	(26.0, 0.0816861160646371)	(27.0, 0.1507626049101729)	(28.0, 0.23008212995945235)	(29.0, 0.3058646771639608)	(30.0, 0.40628343683834284)	(31.0, 0.5396709608030351)	(32.0, 0.7731394673608265)	(33.0, 1.1942184009379102)	(34.0, 1.6260782323131366)	(35.0, 2.0767137362256607)	(36.0, 2.5101247604391355)	(37.0, 3.0983624717700655)	(38.0, 4.076470235524644)	(39.0, 4.993167113877068)	(40.0, 5.719977334942701)	(41.0, 6.2773073676130595)	(42.0, 6.681865344456569)	(43.0, 7.032665130663039)	(44.0, 7.156644379618496)	(45.0, 6.9694212129471715)	(46.0, 6.596558344138435)	(47.0, 6.0746411188433385)	(48.0, 5.473597998672944)	(49.0, 4.941084899968178)	(50.0, 4.0146871498991645)	(51.0, 3.037792801901552)	(52.0, 2.3537813036254733)	(53.0, 1.7900937469093128)	(54.0, 1.3628100419792368)	(55.0, 0.8802191050202517)	(56.0, 0.5516308512161019)	(57.0, 0.3559869234228591)	(58.0, 0.22341910052803166)	(59.0, 0.14498166849356736)	(60.0, 0.08694640245786397)	(61.0, 0.037704097767403216)	(62.0, 0.015021398608388544)	(63.0, 0.006357524045801797)	(64.0, 0.002149294931220303)	(65.0, 0.0009487878525206744)	(66.0, 0.000501287005980311)	(67.0, 0.000281839475465325)	(68.0, 0.00015490413918704888)	(69.0, 9.036074785911185e-05)	(70.0, 5.378615943994752e-05)	(71.0, 3.0120249286370615e-05)	(72.0, 1.721157102078321e-05)	(73.0, 2.151446377597901e-05)	(74.0, 1.936301739838111e-05)	(75.0, 6.454339132793704e-06)	(76.0, 0.0)	(77.0, 4.302892755195803e-06)	(78.0, 1.0757231887989505e-05)	(79.0, 6.454339132793704e-06)	(80.0, 2.1514463775979013e-06)	(81.0, 2.1514463775979013e-06)	(82.0, 0.0)	(83.0, 2.1514463775979013e-06)	(84.0, 2.1514463775979013e-06)	(85.0, 0.0)	(86.0, 0.0)	(87.0, 2.1514463775979013e-06)	(88.0, 2.1514463775979013e-06)	(89.0, 2.1514463775979013e-06)	(90.0, 4.302892755195803e-06)	(91.0, 2.1514463775979013e-06)	(92.0, 0.0)	(93.0, 0.0)	(94.0, 2.1514463775979013e-06)	(95.0, 2.1514463775979013e-06)	(96.0, 0.0)	(97.0, 0.0)	(98.0, 0.0)	(99.0, 0.0)	(100.0, 2.1514463775979013e-06)
ERR1797974_2	(0.0, 7.745219956824271e-05)	(1.0, 5.1634799712161815e-05)	(2.0, 4.5180449748141586e-05)	(3.0, 5.5937699688175295e-05)	(4.0, 6.6694949628209e-05)	(5.0, 8.390654953226294e-05)	(6.0, 9.036089949628317e-05)	(7.0, 0.00010542104941233037)	(8.0, 0.0001290869992804045)	(9.0, 0.0001742674490285461)	(10.0, 0.00019363049892060676)	(11.0, 0.0001979333988966203)	(12.0, 0.00030335444830895065)	(13.0, 0.00042598709762533497)	(14.0, 0.0004711675473734765)	(15.0, 0.0006067088966179013)	(16.0, 0.0010025756944111418)	(17.0, 0.0019556680390981286)	(18.0, 0.0031109966826577485)	(19.0, 0.004651434874070577)	(20.0, 0.007254689359558734)	(21.0, 0.010445289691772733)	(22.0, 0.017450410852722687)	(23.0, 0.03256434701847005)	(24.0, 0.061619679106501096)	(25.0, 0.11605351525305968)	(26.0, 0.17015172520148922)	(27.0, 0.20748153394339416)	(28.0, 0.2557665260242295)	(29.0, 0.3409381281494404)	(30.0, 0.47433448175582243)	(31.0, 0.644307636608307)	(32.0, 0.9032131281650384)	(33.0, 1.2837099672439587)	(34.0, 1.7042495934996607)	(35.0, 2.1629753055924943)	(36.0, 2.7148867710158635)	(37.0, 3.306628030067202)	(38.0, 4.072916426645527)	(39.0, 5.214127255383848)	(40.0, 6.368397385549369)	(41.0, 7.087773415139208)	(42.0, 7.361967110310714)	(43.0, 7.52805259503487)	(44.0, 7.529117562778934)	(45.0, 7.0882983689362815)	(46.0, 6.333070576746298)	(47.0, 5.531156319816569)	(48.0, 4.894318517566621)	(49.0, 4.244989396686306)	(50.0, 3.448819511224556)	(51.0, 2.7154655110626376)	(52.0, 2.104526863768315)	(53.0, 1.4578009973734884)	(54.0, 0.8926516601739133)	(55.0, 0.553679957313511)	(56.0, 0.35342514387983154)	(57.0, 0.25240596114296293)	(58.0, 0.2018920668745527)	(59.0, 0.15590267193092056)	(60.0, 0.09749295620652551)	(61.0, 0.04191670011633536)	(62.0, 0.01708896725473755)	(63.0, 0.0074891974082514695)	(64.0, 0.0039887882777645)	(65.0, 0.002728038584792549)	(66.0, 0.0018588527896378252)	(67.0, 0.001284415642840025)	(68.0, 0.0010197872943151958)	(69.0, 0.0007960364955624945)	(70.0, 0.0006110117965939148)	(71.0, 0.0004948334972415506)	(72.0, 0.00040877549772128097)	(73.0, 0.00033347474814104505)	(74.0, 0.0003055058982969574)	(75.0, 0.00027753704845286976)	(76.0, 0.0002560225485728023)	(77.0, 0.00023020514871672137)	(78.0, 0.00017211599904053937)	(79.0, 0.00013554134924442473)	(80.0, 0.00014199569920844498)	(81.0, 0.00014199569920844498)	(82.0, 0.00013123844926841128)	(83.0, 0.00013984424922043823)	(84.0, 0.00011617829935236408)	(85.0, 8.820944950827642e-05)	(86.0, 0.00010542104941233037)	(87.0, 9.681524946030338e-05)	(88.0, 8.605799952026969e-05)	(89.0, 7.099784960422249e-05)	(90.0, 7.960364955624946e-05)	(91.0, 9.251234948428991e-05)	(92.0, 9.036089949628317e-05)	(93.0, 8.820944950827642e-05)	(94.0, 0.00010972394938834385)	(95.0, 0.00011832974934037081)	(96.0, 0.00012263264931638428)	(97.0, 0.00011832974934037081)	(98.0, 0.00011617829935236408)	(99.0, 0.00017641889901655284)	(100.0, 0.00029474864835692365)
trim_paired_ERR1797969_pass_1	(0.0, 0.0003264501199020923)	(1.0, 0.00019359251296519425)	(2.0, 4.93471111479907e-05)	(3.0, 3.0367453014148122e-05)	(4.0, 1.1387794880305545e-05)	(5.0, 3.795931626768515e-05)	(6.0, 7.212270090860179e-05)	(7.0, 5.693897440152773e-05)	(8.0, 5.693897440152773e-05)	(9.0, 7.59186325353703e-05)	(10.0, 9.86942222959814e-05)	(11.0, 8.730642741567584e-05)	(12.0, 9.110235904244436e-05)	(13.0, 0.00022016403435257386)	(14.0, 0.00026191928224702756)	(15.0, 0.0002543274189934905)	(16.0, 0.0005390222910011291)	(17.0, 0.001142575419657323)	(18.0, 0.002455967762519229)	(19.0, 0.011182814572460046)	(20.0, 0.019822354954985185)	(21.0, 0.01720695806414168)	(22.0, 0.016888099807493125)	(23.0, 0.02730413619134593)	(24.0, 0.05469178287848077)	(25.0, 0.08810357305729723)	(26.0, 0.1210826270306621)	(27.0, 0.18516554475376817)	(28.0, 0.30385293892793935)	(29.0, 0.4348733149574814)	(30.0, 0.5720317124275082)	(31.0, 0.7642425062805587)	(32.0, 1.0383125656648722)	(33.0, 1.4194696521719523)	(34.0, 1.8287621838966408)	(35.0, 2.366091489392231)	(36.0, 2.8844790960702467)	(37.0, 3.362941093897911)	(38.0, 4.123585056996292)	(39.0, 4.935804343107579)	(40.0, 5.525669342317645)	(41.0, 5.745897907507874)	(42.0, 6.154882968770795)	(43.0, 6.526276919133826)	(44.0, 6.142591742163319)	(45.0, 5.5075475647314525)	(46.0, 5.353334046462354)	(47.0, 5.3890347834121135)	(48.0, 5.716426294357644)	(49.0, 6.0149915005294945)	(50.0, 4.653629969700114)	(51.0, 5.411992577890809)	(52.0, 4.556025179781016)	(53.0, 1.3020576910243755)	(54.0, 0.6308306933261524)	(55.0, 0.275652962872676)	(56.0, 0.1356438207509461)	(57.0, 0.11059826387752746)	(58.0, 0.10295325758121568)	(59.0, 0.07791529257105054)	(60.0, 0.05095279022611377)	(61.0, 0.01785226644069233)	(62.0, 0.0068782281077045485)	(63.0, 0.003924993302078645)	(64.0, 0.001932129198025174)	(65.0, 0.0012564533684603786)	(66.0, 0.0005997571970294254)	(67.0, 0.00028089894038087014)	(68.0, 0.00015942912832427763)	(69.0, 9.489829066921289e-05)	(70.0, 5.693897440152773e-05)	(71.0, 2.277558976061109e-05)	(72.0, 1.1387794880305545e-05)	(73.0, 1.5183726507074061e-05)	(74.0, 1.5183726507074061e-05)	(75.0, 3.7959316267685152e-06)	(76.0, 3.7959316267685152e-06)	(77.0, 3.7959316267685152e-06)	(78.0, 0.0)	(79.0, 3.7959316267685152e-06)	(80.0, 3.7959316267685152e-06)	(81.0, 0.0)	(82.0, 0.0)	(83.0, 0.0)	(84.0, 3.7959316267685152e-06)	(85.0, 7.5918632535370304e-06)	(86.0, 3.7959316267685152e-06)	(87.0, 0.0)	(88.0, 0.0)	(89.0, 0.0)	(90.0, 0.0)	(91.0, 0.0)	(92.0, 0.0)	(93.0, 0.0)	(94.0, 0.0)	(95.0, 0.0)	(96.0, 0.0)	(97.0, 0.0)	(98.0, 0.0)	(99.0, 0.0)	(100.0, 3.7959316267685152e-06)
trim_paired_ERR1797969_pass_2	(0.0, 9.842086373922893e-05)	(1.0, 9.085002806698054e-05)	(2.0, 6.81375210502354e-05)	(3.0, 4.542501403349027e-05)	(4.0, 3.7854178361241894e-05)	(5.0, 6.056668537798703e-05)	(6.0, 6.056668537798703e-05)	(7.0, 3.7854178361241894e-05)	(8.0, 5.299584970573865e-05)	(9.0, 9.842086373922893e-05)	(10.0, 0.00012870420642822244)	(11.0, 0.00016277296695334014)	(12.0, 0.00021955423449520296)	(13.0, 0.00026497924852869327)	(14.0, 0.0003255459339066803)	(15.0, 0.0005905251824353735)	(16.0, 0.001177264947034623)	(17.0, 0.002600582053417318)	(18.0, 0.004826407741058341)	(19.0, 0.011564451489359398)	(20.0, 0.023586938536889823)	(21.0, 0.03357665620642156)	(22.0, 0.046958108257120566)	(23.0, 0.06026006653326098)	(24.0, 0.08109879172112464)	(25.0, 0.12491121775642601)	(26.0, 0.18076127251060228)	(27.0, 0.24789565783426482)	(28.0, 0.3538078634711835)	(29.0, 0.4897195054593864)	(30.0, 0.6831884256458576)	(31.0, 0.9501739456276966)	(32.0, 1.2952639918222861)	(33.0, 1.7289933820675598)	(34.0, 2.177061935076072)	(35.0, 2.6678072887690476)	(36.0, 3.174716376622274)	(37.0, 3.6743650330658144)	(38.0, 4.256603935857912)	(39.0, 5.029427270445354)	(40.0, 6.264472835330577)	(41.0, 7.564468599448018)	(42.0, 7.387757724022069)	(43.0, 6.026207280471412)	(44.0, 4.962731993590682)	(45.0, 4.650594009659553)	(46.0, 4.527685277938437)	(47.0, 5.291230553409539)	(48.0, 7.529298282332587)	(49.0, 7.8091087979432166)	(50.0, 5.038996806735076)	(51.0, 2.291109003642821)	(52.0, 1.1486850423718853)	(53.0, 0.7998057929233354)	(54.0, 0.5135827794983133)	(55.0, 0.30596775285824596)	(56.0, 0.16915518142504554)	(57.0, 0.11335812252057498)	(58.0, 0.11165468449431909)	(59.0, 0.09713760709278282)	(60.0, 0.05295042469170517)	(61.0, 0.02157688166590788)	(62.0, 0.009092573642370302)	(63.0, 0.004254809647803589)	(64.0, 0.002396169490266612)	(65.0, 0.0014536004490716887)	(66.0, 0.0006965168818468509)	(67.0, 0.0004126105441375367)	(68.0, 0.0002536229950203207)	(69.0, 0.00010220628157535311)	(70.0, 5.6781267541862834e-05)	(71.0, 5.6781267541862834e-05)	(72.0, 4.542501403349027e-05)	(73.0, 3.40687605251177e-05)	(74.0, 3.40687605251177e-05)	(75.0, 2.2712507016745136e-05)	(76.0, 7.570835672248379e-06)	(77.0, 3.7854178361241895e-06)	(78.0, 3.7854178361241895e-06)	(79.0, 3.7854178361241895e-06)	(80.0, 3.7854178361241895e-06)	(81.0, 0.0)	(82.0, 0.0)	(83.0, 0.0)	(84.0, 0.0)	(85.0, 0.0)	(86.0, 0.0)	(87.0, 0.0)	(88.0, 0.0)	(89.0, 0.0)	(90.0, 0.0)	(91.0, 0.0)	(92.0, 0.0)	(93.0, 0.0)	(94.0, 0.0)	(95.0, 0.0)	(96.0, 0.0)	(97.0, 0.0)	(98.0, 1.1356253508372568e-05)	(99.0, 0.00022712507016745134)	(100.0, 0.0006018814359437461)
trim_paired_ERR1797970_pass_1	(0.0, 0.00045263428764179357)	(1.0, 0.00028036302891245424)	(2.0, 7.769095981911383e-05)	(3.0, 3.7156546000445744e-05)	(4.0, 2.3645074727556382e-05)	(5.0, 2.3645074727556382e-05)	(6.0, 3.040081036400106e-05)	(7.0, 3.37786781822234e-05)	(8.0, 4.053441381866808e-05)	(9.0, 5.066801727333511e-05)	(10.0, 5.742375290977978e-05)	(11.0, 9.795816672844787e-05)	(12.0, 0.00014862618400178298)	(13.0, 0.00019591633345689575)	(14.0, 0.00025671795418489787)	(15.0, 0.00037494332782267973)	(16.0, 0.0006282834141893553)	(17.0, 0.0013173684491067127)	(18.0, 0.0031008826571281086)	(19.0, 0.012555534680332438)	(20.0, 0.021395414760620304)	(21.0, 0.01853098285076776)	(22.0, 0.019061308098228667)	(23.0, 0.030552814415821066)	(24.0, 0.05914308762925496)	(25.0, 0.0943945161802233)	(26.0, 0.1297439028979201)	(27.0, 0.19684862497472508)	(28.0, 0.3261736722631856)	(29.0, 0.47226645540130185)	(30.0, 0.6090059225507604)	(31.0, 0.8069084422847709)	(32.0, 1.1084203016071152)	(33.0, 1.5125923196608728)	(34.0, 1.9216082001659611)	(35.0, 2.4788618098737376)	(36.0, 3.017489856431835)	(37.0, 3.4934753443009994)	(38.0, 4.262403040837679)	(39.0, 5.053807069836809)	(40.0, 5.5866724738970195)	(41.0, 5.8253188352544285)	(42.0, 6.276831670780572)	(43.0, 6.759728276205819)	(44.0, 6.384460673072591)	(45.0, 5.600423773785003)	(46.0, 5.390887877285035)	(47.0, 5.284515441821394)	(48.0, 5.3088597351873235)	(49.0, 5.558247716206679)	(50.0, 4.290614992855471)	(51.0, 5.014978479266343)	(52.0, 4.293688852570054)	(53.0, 1.2601946584154815)	(54.0, 0.6630011396250446)	(55.0, 0.2860851369965229)	(56.0, 0.13844866826547905)	(57.0, 0.12392045877930478)	(58.0, 0.12180591352509759)	(59.0, 0.08876023265942844)	(60.0, 0.055204493753207705)	(61.0, 0.018443158287493978)	(62.0, 0.007363751843724702)	(63.0, 0.004384472428052598)	(64.0, 0.0022868165129365245)	(65.0, 0.0013376356560160468)	(66.0, 0.0005303252474609075)	(67.0, 0.00020942780472978513)	(68.0, 0.00011146963800133723)	(69.0, 7.769095981911383e-05)	(70.0, 4.7290149455112765e-05)	(71.0, 2.3645074727556382e-05)	(72.0, 1.351147127288936e-05)	(73.0, 1.013360345466702e-05)	(74.0, 0.0)	(75.0, 3.37786781822234e-06)	(76.0, 6.75573563644468e-06)	(77.0, 3.37786781822234e-06)	(78.0, 0.0)	(79.0, 0.0)	(80.0, 0.0)	(81.0, 0.0)	(82.0, 0.0)	(83.0, 0.0)	(84.0, 0.0)	(85.0, 0.0)	(86.0, 0.0)	(87.0, 0.0)	(88.0, 0.0)	(89.0, 0.0)	(90.0, 0.0)	(91.0, 0.0)	(92.0, 0.0)	(93.0, 0.0)	(94.0, 0.0)	(95.0, 0.0)	(96.0, 0.0)	(97.0, 0.0)	(98.0, 0.0)	(99.0, 1.013360345466702e-05)	(100.0, 2.026720690933404e-05)
trim_paired_ERR1797970_pass_2	(0.0, 0.00015489396228722622)	(1.0, 0.00012122136179000312)	(2.0, 6.397794094472386e-05)	(3.0, 5.7243420845279246e-05)	(4.0, 8.754876129278003e-05)	(5.0, 8.418150124305772e-05)	(6.0, 4.0407120596667704e-05)	(7.0, 4.0407120596667704e-05)	(8.0, 8.081424119333541e-05)	(9.0, 0.00012458862183972543)	(10.0, 0.00014142492208833697)	(11.0, 0.00016836300248611544)	(12.0, 0.00019530108288389391)	(13.0, 0.00026601354392806237)	(14.0, 0.0004040712059666771)	(15.0, 0.0006734520099444618)	(16.0, 0.0012458862183972541)	(17.0, 0.0028621710422639625)	(18.0, 0.0055829171624395876)	(19.0, 0.013347818837099233)	(20.0, 0.027119912440463478)	(21.0, 0.038598901949966825)	(22.0, 0.05196355708731467)	(23.0, 0.06537535386535863)	(24.0, 0.08765314635432142)	(25.0, 0.13487223403157736)	(26.0, 0.19669512854447896)	(27.0, 0.2668385226402444)	(28.0, 0.3775843384155614)	(29.0, 0.5223697860335212)	(30.0, 0.7300118769996474)	(31.0, 1.0126192784527412)	(32.0, 1.3781622949304957)	(33.0, 1.8368134190431218)	(34.0, 2.304913074855268)	(35.0, 2.810311870238189)	(36.0, 3.318387637360639)	(37.0, 3.819318078657578)	(38.0, 4.388381659800599)	(39.0, 5.156864482868324)	(40.0, 6.454458346589114)	(41.0, 7.867872486980152)	(42.0, 7.665900861937759)	(43.0, 6.137925800135068)	(44.0, 5.00763425198473)	(45.0, 4.711574646632996)	(46.0, 4.548935986231408)	(47.0, 5.115938804223999)	(48.0, 7.074603262686422)	(49.0, 7.217082137170322)	(50.0, 4.582052988820427)	(51.0, 2.053792922127128)	(52.0, 1.0014231387874146)	(53.0, 0.6952920586269606)	(54.0, 0.45563742636812443)	(55.0, 0.27759355123905743)	(56.0, 0.1577325625091421)	(57.0, 0.10924065053309115)	(58.0, 0.1115438564071012)	(59.0, 0.10198420512593956)	(60.0, 0.057630655750997316)	(61.0, 0.02311624024134365)	(62.0, 0.009980558787376923)	(63.0, 0.004626615308318452)	(64.0, 0.0024042236755017284)	(65.0, 0.0014310855211319812)	(66.0, 0.000720593650640574)	(67.0, 0.0003468277851213978)	(68.0, 0.00012458862183972543)	(69.0, 4.714164069611232e-05)	(70.0, 2.693808039777847e-05)	(71.0, 1.6836300248611543e-05)	(72.0, 1.6836300248611543e-05)	(73.0, 1.3469040198889235e-05)	(74.0, 3.3672600497223088e-06)	(75.0, 0.0)	(76.0, 0.0)	(77.0, 3.3672600497223088e-06)	(78.0, 3.3672600497223088e-06)	(79.0, 3.3672600497223088e-06)	(80.0, 3.3672600497223088e-06)	(81.0, 0.0)	(82.0, 0.0)	(83.0, 0.0)	(84.0, 0.0)	(85.0, 0.0)	(86.0, 0.0)	(87.0, 0.0)	(88.0, 0.0)	(89.0, 0.0)	(90.0, 0.0)	(91.0, 0.0)	(92.0, 3.3672600497223088e-06)	(93.0, 6.7345200994446176e-06)	(94.0, 6.7345200994446176e-06)	(95.0, 6.7345200994446176e-06)	(96.0, 3.3672600497223088e-06)	(97.0, 1.3469040198889235e-05)	(98.0, 4.3774380646390016e-05)	(99.0, 0.00017173026253583775)	(100.0, 0.00040743846601639934)
trim_paired_ERR1797971_pass_1	(0.0, 0.00016965825419747773)	(1.0, 0.00010957095583587105)	(2.0, 3.181092266202708e-05)	(3.0, 2.474182873713217e-05)	(4.0, 2.474182873713217e-05)	(5.0, 1.0603640887342358e-05)	(6.0, 7.069093924894907e-06)	(7.0, 2.474182873713217e-05)	(8.0, 3.888001658692199e-05)	(9.0, 3.534546962447453e-05)	(10.0, 7.069093924894906e-05)	(11.0, 9.543276798608123e-05)	(12.0, 9.896731494852869e-05)	(13.0, 0.00014845097242279304)	(14.0, 0.00020853827078439973)	(15.0, 0.00029336739788313865)	(16.0, 0.0004877674808177486)	(17.0, 0.001028553166072209)	(18.0, 0.0027003938793098542)	(19.0, 0.011473139440104432)	(20.0, 0.019821739365405315)	(21.0, 0.01743238561879084)	(22.0, 0.017128414580020356)	(23.0, 0.026954455135624274)	(24.0, 0.05400434303923464)	(25.0, 0.08656458965730057)	(26.0, 0.11758730834670186)	(27.0, 0.178420396117385)	(28.0, 0.2950109622206767)	(29.0, 0.4302710053796158)	(30.0, 0.5615935632223885)	(31.0, 0.7478253081267824)	(32.0, 1.0345300849857075)	(33.0, 1.4117334022711374)	(34.0, 1.8021806670248577)	(35.0, 2.3508377883646885)	(36.0, 2.880570945267576)	(37.0, 3.3426917533258056)	(38.0, 4.09790073005714)	(39.0, 4.897563703935178)	(40.0, 5.471234814128248)	(41.0, 5.738216818936717)	(42.0, 6.242236146687799)	(43.0, 6.748658966373346)	(44.0, 6.411145076929238)	(45.0, 5.662241731978909)	(46.0, 5.446765145507225)	(47.0, 5.403491687045981)	(48.0, 5.5259389974660476)	(49.0, 5.879036704467587)	(50.0, 4.561371735055025)	(51.0, 5.196925693466627)	(52.0, 4.44734725004647)	(53.0, 1.3308877095990768)	(54.0, 0.6769859179054105)	(55.0, 0.30109391754304876)	(56.0, 0.14865244159965255)	(57.0, 0.12336629263030346)	(58.0, 0.11889509072280743)	(59.0, 0.08791478659695551)	(60.0, 0.05520608900646677)	(61.0, 0.01861292430424829)	(62.0, 0.006906504764622324)	(63.0, 0.004075332647701913)	(64.0, 0.0021878845697549734)	(65.0, 0.0013714042214296117)	(66.0, 0.0006963057516021483)	(67.0, 0.0003181092266202708)	(68.0, 0.00016965825419747773)	(69.0, 0.00013077823761055576)	(70.0, 8.129458013629142e-05)	(71.0, 3.534546962447453e-05)	(72.0, 2.1207281774684716e-05)	(73.0, 1.4138187849789813e-05)	(74.0, 2.474182873713217e-05)	(75.0, 1.7672734812237265e-05)	(76.0, 0.0)	(77.0, 3.5345469624474533e-06)	(78.0, 3.5345469624474533e-06)	(79.0, 0.0)	(80.0, 0.0)	(81.0, 0.0)	(82.0, 0.0)	(83.0, 0.0)	(84.0, 0.0)	(85.0, 0.0)	(86.0, 0.0)	(87.0, 0.0)	(88.0, 0.0)	(89.0, 0.0)	(90.0, 0.0)	(91.0, 0.0)	(92.0, 0.0)	(93.0, 0.0)	(94.0, 0.0)	(95.0, 0.0)	(96.0, 0.0)	(97.0, 0.0)	(98.0, 0.0)	(99.0, 3.5345469624474533e-06)	(100.0, 7.069093924894907e-06)
trim_paired_ERR1797971_pass_2	(0.0, 7.043666718766322e-05)	(1.0, 7.043666718766322e-05)	(2.0, 5.987116710951373e-05)	(3.0, 4.2262000312597925e-05)	(4.0, 3.874016695321477e-05)	(5.0, 4.930566703136425e-05)	(6.0, 4.578383367198109e-05)	(7.0, 3.874016695321477e-05)	(8.0, 5.987116710951373e-05)	(9.0, 8.10021672658127e-05)	(10.0, 0.00010565500078149481)	(11.0, 0.00015848250117224223)	(12.0, 0.00018313533468792436)	(13.0, 0.00023948466843805492)	(14.0, 0.0003697925027352319)	(15.0, 0.0005951898377357542)	(16.0, 0.0010354190076586492)	(17.0, 0.0024723270182869786)	(18.0, 0.004990437870245939)	(19.0, 0.011502307751745404)	(20.0, 0.023103226837553534)	(21.0, 0.03416882725273542)	(22.0, 0.04739331151721919)	(23.0, 0.060508618947562084)	(24.0, 0.08160440077026722)	(25.0, 0.12603585043224516)	(26.0, 0.18404044586128585)	(27.0, 0.25142016169300446)	(28.0, 0.3583641534840335)	(29.0, 0.49308836681387697)	(30.0, 0.6867821579132319)	(31.0, 0.9597665052657396)	(32.0, 1.309065459682721)	(33.0, 1.74493107807334)	(34.0, 2.199099664432674)	(35.0, 2.6974602157855476)	(36.0, 3.2025404251881238)	(37.0, 3.6984145621892726)	(38.0, 4.260224463344794)	(39.0, 5.044314876977783)	(40.0, 6.420252908488471)	(41.0, 7.911161190016222)	(42.0, 7.683587361999601)	(43.0, 6.092141303561538)	(44.0, 4.934063883662292)	(45.0, 4.638106617306528)	(46.0, 4.504245253149734)	(47.0, 5.177824057798638)	(48.0, 7.306497620543727)	(49.0, 7.53292333088519)	(50.0, 4.822721122005394)	(51.0, 2.19135867470875)	(52.0, 1.1005694029738784)	(53.0, 0.7669214760059958)	(54.0, 0.4998643741973302)	(55.0, 0.3047900244210969)	(56.0, 0.17326363578157336)	(57.0, 0.11780884770472612)	(58.0, 0.12109119639567123)	(59.0, 0.1106982661521315)	(60.0, 0.06080797478310965)	(61.0, 0.02364558917489854)	(62.0, 0.009723781905256907)	(63.0, 0.0046875602013389875)	(64.0, 0.002644896852896754)	(65.0, 0.0015953905118005717)	(66.0, 0.0008276308394550428)	(67.0, 0.00041909816976659614)	(68.0, 0.00022891916835990543)	(69.0, 0.0001338296676565601)	(70.0, 6.691483382828005e-05)	(71.0, 4.2262000312597925e-05)	(72.0, 3.1696500234448444e-05)	(73.0, 1.7609166796915805e-05)	(74.0, 1.0565500078149481e-05)	(75.0, 1.0565500078149481e-05)	(76.0, 3.5218333593831607e-06)	(77.0, 0.0)	(78.0, 3.5218333593831607e-06)	(79.0, 3.5218333593831607e-06)	(80.0, 0.0)	(81.0, 3.5218333593831607e-06)	(82.0, 3.5218333593831607e-06)	(83.0, 0.0)	(84.0, 0.0)	(85.0, 0.0)	(86.0, 0.0)	(87.0, 0.0)	(88.0, 0.0)	(89.0, 0.0)	(90.0, 0.0)	(91.0, 0.0)	(92.0, 0.0)	(93.0, 0.0)	(94.0, 0.0)	(95.0, 3.5218333593831607e-06)	(96.0, 7.0436667187663215e-06)	(97.0, 7.0436667187663215e-06)	(98.0, 4.578383367198109e-05)	(99.0, 0.00019370083476607383)	(100.0, 0.00040501083632906354)
trim_paired_ERR1797972_pass_1	(0.0, 0.00013707958862559748)	(1.0, 8.657658228985104e-05)	(2.0, 1.80367879770523e-05)	(3.0, 0.0)	(4.0, 7.21471519082092e-06)	(5.0, 1.442943038164184e-05)	(6.0, 7.21471519082092e-06)	(7.0, 0.0)	(8.0, 3.60735759541046e-06)	(9.0, 3.60735759541046e-06)	(10.0, 0.0)	(11.0, 3.60735759541046e-06)	(12.0, 1.442943038164184e-05)	(13.0, 3.246621835869414e-05)	(14.0, 7.575450950361967e-05)	(15.0, 0.00013707958862559748)	(16.0, 0.000360735759541046)	(17.0, 0.001136317642554295)	(18.0, 0.0022618132123223586)	(19.0, 0.005068337421551696)	(20.0, 0.008845240823946448)	(21.0, 0.012791690033325491)	(22.0, 0.018794333072088495)	(23.0, 0.036463170574408926)	(24.0, 0.06761270341077824)	(25.0, 0.09420975096173957)	(26.0, 0.12355199764280825)	(27.0, 0.23098632154932258)	(28.0, 0.35837294031605216)	(29.0, 0.47481844349590174)	(30.0, 0.6293396060953088)	(31.0, 0.8369755019295395)	(32.0, 1.1586399713546949)	(33.0, 1.7511701005464353)	(34.0, 2.3582595249932523)	(35.0, 3.015289207990932)	(36.0, 3.5744873530010794)	(37.0, 4.313393231341791)	(38.0, 5.599960925102526)	(39.0, 6.6666565660654005)	(40.0, 7.395126358882588)	(41.0, 7.769299525466537)	(42.0, 7.722295655998339)	(43.0, 7.563431234854058)	(44.0, 7.219361467403809)	(45.0, 6.6177155455684655)	(46.0, 5.699556460954214)	(47.0, 4.601617495857491)	(48.0, 3.7042151468472304)	(49.0, 3.2138381700423233)	(50.0, 2.3999858302993653)	(51.0, 1.683459998480581)	(52.0, 1.255544418440206)	(53.0, 0.6820467079218511)	(54.0, 0.43496435678180706)	(55.0, 0.23456482028396974)	(56.0, 0.11928449360743769)	(57.0, 0.10423459771938524)	(58.0, 0.09689723237032037)	(59.0, 0.06478453505597645)	(60.0, 0.03604471709334132)	(61.0, 0.01459536883103072)	(62.0, 0.011576010523672166)	(63.0, 0.009025608703716971)	(64.0, 0.0035316030859068406)	(65.0, 0.0016124888451484755)	(66.0, 0.0005988213608381364)	(67.0, 0.0003210548259915309)	(68.0, 0.00019840466774757528)	(69.0, 0.0001442943038164184)	(70.0, 7.575450950361967e-05)	(71.0, 1.80367879770523e-05)	(72.0, 1.082207278623138e-05)	(73.0, 7.21471519082092e-06)	(74.0, 1.082207278623138e-05)	(75.0, 7.21471519082092e-06)	(76.0, 0.0)	(77.0, 0.0)	(78.0, 0.0)	(79.0, 0.0)	(80.0, 0.0)	(81.0, 0.0)	(82.0, 0.0)	(83.0, 0.0)	(84.0, 0.0)	(85.0, 0.0)	(86.0, 0.0)	(87.0, 0.0)	(88.0, 0.0)	(89.0, 0.0)	(90.0, 0.0)	(91.0, 0.0)	(92.0, 0.0)	(93.0, 0.0)	(94.0, 0.0)	(95.0, 0.0)	(96.0, 0.0)	(97.0, 0.0)	(98.0, 0.0)	(99.0, 3.60735759541046e-06)	(100.0, 7.21471519082092e-06)
trim_paired_ERR1797972_pass_2	(0.0, 0.00012216299353085867)	(1.0, 7.545361365141271e-05)	(2.0, 2.5151204550470905e-05)	(3.0, 1.7965146107479215e-05)	(4.0, 1.4372116885983372e-05)	(5.0, 1.4372116885983372e-05)	(6.0, 1.0779087664487531e-05)	(7.0, 7.186058442991686e-06)	(8.0, 1.0779087664487531e-05)	(9.0, 1.0779087664487531e-05)	(10.0, 7.186058442991686e-06)	(11.0, 1.4372116885983372e-05)	(12.0, 3.952332143645428e-05)	(13.0, 0.00010779087664487531)	(14.0, 0.00021558175328975063)	(15.0, 0.0004886519741234347)	(16.0, 0.0011641414677646532)	(17.0, 0.002798969763545262)	(18.0, 0.004760763718481993)	(19.0, 0.007750164030766535)	(20.0, 0.012122880593326975)	(21.0, 0.017986704282808193)	(22.0, 0.0325887750389673)	(23.0, 0.059486191791085184)	(24.0, 0.1052865352774927)	(25.0, 0.1900712458171301)	(26.0, 0.27968858065967944)	(27.0, 0.3484447878422239)	(28.0, 0.43140064650812)	(29.0, 0.5709467154125755)	(30.0, 0.7978429177208165)	(31.0, 1.088756121668449)	(32.0, 1.4926665016029044)	(33.0, 2.0529311411399727)	(34.0, 2.626446872445918)	(35.0, 3.2135801845013323)	(36.0, 3.9663090273170463)	(37.0, 4.743725573913659)	(38.0, 5.657889219651182)	(39.0, 6.999404167964199)	(40.0, 8.231302980787822)	(41.0, 8.653559367927235)	(42.0, 8.257826722500903)	(43.0, 7.677193200307175)	(44.0, 7.049627530422269)	(45.0, 6.048128123397846)	(46.0, 4.782868034252635)	(47.0, 3.685053885916795)	(48.0, 3.0517681135112666)	(49.0, 2.5186416236841564)	(50.0, 1.8145049080599513)	(51.0, 1.1569122929710036)	(52.0, 0.776708719839978)	(53.0, 0.5740546856891694)	(54.0, 0.3726653978243274)	(55.0, 0.21040060515235362)	(56.0, 0.12437989256052161)	(57.0, 0.09183064084299077)	(58.0, 0.08519790890010943)	(59.0, 0.06786513593561348)	(60.0, 0.03553146597137239)	(61.0, 0.014745791925018941)	(62.0, 0.006169231173308363)	(63.0, 0.003190609948688309)	(64.0, 0.0018611891367348468)	(65.0, 0.001167734496986149)	(66.0, 0.0005425474124458724)	(67.0, 0.00019761660718227138)	(68.0, 7.904664287290855e-05)	(69.0, 4.670937987944597e-05)	(70.0, 2.8744233771966745e-05)	(71.0, 7.186058442991686e-06)	(72.0, 3.593029221495843e-06)	(73.0, 3.593029221495843e-06)	(74.0, 3.593029221495843e-06)	(75.0, 3.593029221495843e-06)	(76.0, 3.593029221495843e-06)	(77.0, 3.593029221495843e-06)	(78.0, 0.0)	(79.0, 0.0)	(80.0, 3.593029221495843e-06)	(81.0, 7.186058442991686e-06)	(82.0, 3.593029221495843e-06)	(83.0, 0.0)	(84.0, 0.0)	(85.0, 0.0)	(86.0, 0.0)	(87.0, 0.0)	(88.0, 0.0)	(89.0, 0.0)	(90.0, 0.0)	(91.0, 0.0)	(92.0, 0.0)	(93.0, 0.0)	(94.0, 0.0)	(95.0, 3.593029221495843e-06)	(96.0, 3.593029221495843e-06)	(97.0, 3.593029221495843e-06)	(98.0, 3.233726299346259e-05)	(99.0, 0.00021558175328975063)	(100.0, 0.00041679138969351787)
trim_paired_ERR1797973_pass_1	(0.0, 0.0001014669585532841)	(1.0, 6.522875906996835e-05)	(2.0, 2.89905595866526e-05)	(3.0, 1.44952797933263e-05)	(4.0, 7.24763989666315e-06)	(5.0, 7.24763989666315e-06)	(6.0, 0.0)	(7.0, 0.0)	(8.0, 0.0)	(9.0, 0.0)	(10.0, 3.623819948331575e-06)	(11.0, 7.24763989666315e-06)	(12.0, 1.0871459844994725e-05)	(13.0, 5.4357299224973624e-05)	(14.0, 7.24763989666315e-05)	(15.0, 0.00012683369819160514)	(16.0, 0.00034063907514316806)	(17.0, 0.0012683369819160514)	(18.0, 0.0024170879055371605)	(19.0, 0.005011742988542569)	(20.0, 0.008932716172637332)	(21.0, 0.013259557190945234)	(22.0, 0.019724451978768764)	(23.0, 0.037241997609003596)	(24.0, 0.06875473587969498)	(25.0, 0.09754236154924101)	(26.0, 0.1313960875065546)	(27.0, 0.25713176825381523)	(28.0, 0.3886003321593365)	(29.0, 0.5126183222510879)	(30.0, 0.6821261241542458)	(31.0, 0.891597412447604)	(32.0, 1.2284061099053856)	(33.0, 1.8978343689606776)	(34.0, 2.54182703579863)	(35.0, 3.190816950345332)	(36.0, 3.7571112936711075)	(37.0, 4.549521130312928)	(38.0, 5.885906203218749)	(39.0, 6.848490624634221)	(40.0, 7.450947067224396)	(41.0, 7.7889480014451795)	(42.0, 7.806567014033967)	(43.0, 7.553069937188329)	(44.0, 6.9969911422969)	(45.0, 6.3091792446437225)	(46.0, 5.446405696065148)	(47.0, 4.437429131671135)	(48.0, 3.5239619658353503)	(49.0, 3.0608450240784717)	(50.0, 2.277954962440918)	(51.0, 1.5225805656710463)	(52.0, 1.138441155868106)	(53.0, 0.6514432406517222)	(54.0, 0.4137713855204476)	(55.0, 0.20918138269749184)	(56.0, 0.10286212923339176)	(57.0, 0.08305795321575969)	(58.0, 0.0781802915653054)	(59.0, 0.05864790204379822)	(60.0, 0.034426289509149964)	(61.0, 0.0138067540031433)	(62.0, 0.010143072035380079)	(63.0, 0.007504931112994693)	(64.0, 0.002935294158148576)	(65.0, 0.001261089342019388)	(66.0, 0.0004131154741097995)	(67.0, 0.00028265795596986286)	(68.0, 0.00018843863731324192)	(69.0, 8.69716787599578e-05)	(70.0, 5.073347927664205e-05)	(71.0, 3.261437953498417e-05)	(72.0, 1.8119099741657876e-05)	(73.0, 7.24763989666315e-06)	(74.0, 0.0)	(75.0, 0.0)	(76.0, 0.0)	(77.0, 0.0)	(78.0, 0.0)	(79.0, 0.0)	(80.0, 0.0)	(81.0, 0.0)	(82.0, 0.0)	(83.0, 0.0)	(84.0, 0.0)	(85.0, 0.0)	(86.0, 0.0)	(87.0, 0.0)	(88.0, 0.0)	(89.0, 0.0)	(90.0, 0.0)	(91.0, 0.0)	(92.0, 0.0)	(93.0, 0.0)	(94.0, 0.0)	(95.0, 0.0)	(96.0, 0.0)	(97.0, 0.0)	(98.0, 0.0)	(99.0, 0.0)	(100.0, 0.0)
trim_paired_ERR1797973_pass_2	(0.0, 9.389183083292165e-05)	(1.0, 5.055713967926551e-05)	(2.0, 1.4444897051218717e-05)	(3.0, 2.1667345576828073e-05)	(4.0, 1.4444897051218717e-05)	(5.0, 1.4444897051218717e-05)	(6.0, 1.0833672788414037e-05)	(7.0, 7.222448525609358e-06)	(8.0, 1.4444897051218717e-05)	(9.0, 1.4444897051218717e-05)	(10.0, 1.8056121314023397e-05)	(11.0, 2.1667345576828073e-05)	(12.0, 5.055713967926551e-05)	(13.0, 0.00011194795214694505)	(14.0, 0.00018417243740303862)	(15.0, 0.0003900122203829053)	(16.0, 0.0010544774847389663)	(17.0, 0.00275536411251997)	(18.0, 0.0047848721482162)	(19.0, 0.007796633183395302)	(20.0, 0.012603172677188329)	(21.0, 0.0186014161777069)	(22.0, 0.0329524213980927)	(23.0, 0.06078412679152835)	(24.0, 0.11163377563608104)	(25.0, 0.2051355942486198)	(26.0, 0.29864463530968416)	(27.0, 0.3665175953290981)	(28.0, 0.4508974614537922)	(29.0, 0.590695175115487)	(30.0, 0.8124929581126875)	(31.0, 1.1000728022811381)	(32.0, 1.5187834218805523)	(33.0, 2.1195828024833667)	(34.0, 2.7399730747118967)	(35.0, 3.3673944005801073)	(36.0, 4.135664306370488)	(37.0, 4.8926816373579705)	(38.0, 5.793411249108027)	(39.0, 7.192757039720578)	(40.0, 8.463369907812666)	(41.0, 8.802341084465091)	(42.0, 8.279955827504818)	(43.0, 7.650620552777321)	(44.0, 7.013885879535336)	(45.0, 5.999590487168597)	(46.0, 4.693714014150221)	(47.0, 3.4961706577917218)	(48.0, 2.793401137680092)	(49.0, 2.2675454942032625)	(50.0, 1.6196304706436355)	(51.0, 1.0167690809867598)	(52.0, 0.6797226868664107)	(53.0, 0.50720005893518)	(54.0, 0.32583354278434057)	(55.0, 0.1821537630401308)	(56.0, 0.10732558509055506)	(57.0, 0.0775690971650445)	(58.0, 0.0719283648665436)	(59.0, 0.05798181676359192)	(60.0, 0.03001649607243249)	(61.0, 0.012296218614849933)	(62.0, 0.005210996611227151)	(63.0, 0.002600081469219369)	(64.0, 0.0017839447858255114)	(65.0, 0.0011194795214694506)	(66.0, 0.00045501425711338956)	(67.0, 0.000191394885928648)	(68.0, 0.00012278162493535908)	(69.0, 7.944693378170293e-05)	(70.0, 3.9723466890851466e-05)	(71.0, 1.8056121314023397e-05)	(72.0, 1.0833672788414037e-05)	(73.0, 1.0833672788414037e-05)	(74.0, 1.0833672788414037e-05)	(75.0, 3.611224262804679e-06)	(76.0, 0.0)	(77.0, 0.0)	(78.0, 0.0)	(79.0, 0.0)	(80.0, 0.0)	(81.0, 0.0)	(82.0, 0.0)	(83.0, 0.0)	(84.0, 0.0)	(85.0, 0.0)	(86.0, 0.0)	(87.0, 0.0)	(88.0, 0.0)	(89.0, 0.0)	(90.0, 0.0)	(91.0, 0.0)	(92.0, 0.0)	(93.0, 0.0)	(94.0, 0.0)	(95.0, 0.0)	(96.0, 0.0)	(97.0, 1.0833672788414037e-05)	(98.0, 4.3334691153656146e-05)	(99.0, 0.000191394885928648)	(100.0, 0.00037195609906888195)
trim_paired_ERR1797974_pass_1	(0.0, 4.797185203609929e-05)	(1.0, 3.997654336341608e-05)	(2.0, 3.597888902707447e-05)	(3.0, 2.798358035439126e-05)	(4.0, 1.1992963009024823e-05)	(5.0, 3.997654336341609e-06)	(6.0, 3.997654336341609e-06)	(7.0, 3.997654336341609e-06)	(8.0, 3.997654336341609e-06)	(9.0, 3.997654336341609e-06)	(10.0, 7.995308672683217e-06)	(11.0, 1.1992963009024823e-05)	(12.0, 1.998827168170804e-05)	(13.0, 3.198123469073287e-05)	(14.0, 5.596716070878252e-05)	(15.0, 0.00017189913646268917)	(16.0, 0.0003957677792978192)	(17.0, 0.0011913009922297991)	(18.0, 0.0024425667995047226)	(19.0, 0.005308884958661656)	(20.0, 0.009086668306504475)	(21.0, 0.013536057582852685)	(22.0, 0.020416020695696594)	(23.0, 0.03685437532673329)	(24.0, 0.06667687667584168)	(25.0, 0.09905387914587237)	(26.0, 0.1346529910109944)	(27.0, 0.25818450765828643)	(28.0, 0.39918977140972767)	(29.0, 0.5294253543790646)	(30.0, 0.6946084315566998)	(31.0, 0.9062082732335974)	(32.0, 1.2677561314123325)	(33.0, 1.9357601733606788)	(34.0, 2.582464713004997)	(35.0, 3.208733243681937)	(36.0, 3.7688006185490597)	(37.0, 4.516573855124767)	(38.0, 5.811486052443867)	(39.0, 6.864284312536776)	(40.0, 7.5009387491795305)	(41.0, 7.777864260366588)	(42.0, 7.710291909119404)	(43.0, 7.472035708327781)	(44.0, 6.93573438849021)	(45.0, 6.158990150939035)	(46.0, 5.2912033335320166)	(47.0, 4.352050390912629)	(48.0, 3.5238963185961008)	(49.0, 3.0828670969022216)	(50.0, 2.3163648497607543)	(51.0, 1.595943564154297)	(52.0, 1.1917927037131693)	(53.0, 0.7166474999129511)	(54.0, 0.48032616382011695)	(55.0, 0.2615505326094861)	(56.0, 0.1384027907784828)	(57.0, 0.1093958109139881)	(58.0, 0.09784258988196086)	(59.0, 0.07207371002990286)	(60.0, 0.04137972003547199)	(61.0, 0.01670619747157158)	(62.0, 0.010202013866343784)	(63.0, 0.006851979532489516)	(64.0, 0.002766376800748393)	(65.0, 0.001183305683557116)	(66.0, 0.00043174666832489374)	(67.0, 0.00024385691451683808)	(68.0, 0.000183892099471714)	(69.0, 0.00013192259309927306)	(70.0, 6.396246938146574e-05)	(71.0, 1.998827168170804e-05)	(72.0, 7.995308672683217e-06)	(73.0, 3.997654336341609e-06)	(74.0, 7.995308672683217e-06)	(75.0, 7.995308672683217e-06)	(76.0, 0.0)	(77.0, 0.0)	(78.0, 3.997654336341609e-06)	(79.0, 3.997654336341609e-06)	(80.0, 0.0)	(81.0, 0.0)	(82.0, 0.0)	(83.0, 0.0)	(84.0, 0.0)	(85.0, 0.0)	(86.0, 0.0)	(87.0, 0.0)	(88.0, 0.0)	(89.0, 0.0)	(90.0, 0.0)	(91.0, 0.0)	(92.0, 0.0)	(93.0, 0.0)	(94.0, 0.0)	(95.0, 0.0)	(96.0, 0.0)	(97.0, 0.0)	(98.0, 0.0)	(99.0, 3.997654336341609e-06)	(100.0, 7.995308672683217e-06)
trim_paired_ERR1797974_pass_2	(0.0, 0.00011937885272863646)	(1.0, 6.366872145527279e-05)	(2.0, 7.958590181909099e-06)	(3.0, 3.979295090954549e-06)	(4.0, 3.979295090954549e-06)	(5.0, 3.979295090954549e-06)	(6.0, 0.0)	(7.0, 0.0)	(8.0, 3.979295090954549e-06)	(9.0, 1.1937885272863648e-05)	(10.0, 1.5917180363818197e-05)	(11.0, 1.9896475454772745e-05)	(12.0, 3.581365581859094e-05)	(13.0, 0.00010346167236481826)	(14.0, 0.0002109026398205911)	(15.0, 0.0004178259845502276)	(16.0, 0.0009988030678295917)	(17.0, 0.002574603923847593)	(18.0, 0.004568230764415823)	(19.0, 0.00749699195135837)	(20.0, 0.012654158389235467)	(21.0, 0.01857137018948488)	(22.0, 0.03176671271109017)	(23.0, 0.05967748847904537)	(24.0, 0.10870240399960543)	(25.0, 0.19943829066355104)	(26.0, 0.29247023059497745)	(27.0, 0.359835717189747)	(28.0, 0.44754336028947617)	(29.0, 0.5969420151842738)	(30.0, 0.8258947375374347)	(31.0, 1.108571922913573)	(32.0, 1.524790272247055)	(33.0, 2.123005661860434)	(34.0, 2.7519650853465283)	(35.0, 3.40330008512906)	(36.0, 4.178665733601554)	(37.0, 4.934767614538737)	(38.0, 5.822066854624691)	(39.0, 7.149961605771315)	(40.0, 8.353252689734878)	(41.0, 8.699447383352833)	(42.0, 8.212620421925454)	(43.0, 7.58436931296555)	(44.0, 6.916516259260466)	(45.0, 5.8891856249238215)	(46.0, 4.638274316606804)	(47.0, 3.553649791550596)	(48.0, 2.9088647114877753)	(49.0, 2.35431412690744)	(50.0, 1.6740337346333054)	(51.0, 1.0621096734315878)	(52.0, 0.7141879657441585)	(53.0, 0.5300381268200549)	(54.0, 0.34181348972281383)	(55.0, 0.1934613894369373)	(56.0, 0.1160561413276894)	(57.0, 0.08571799555425194)	(58.0, 0.07924368244126889)	(59.0, 0.06405073378400442)	(60.0, 0.03379615320747698)	(61.0, 0.013959367179068559)	(62.0, 0.005861501668976051)	(63.0, 0.0029566162525792297)	(64.0, 0.0019021030534762744)	(65.0, 0.0012057264125592282)	(66.0, 0.0005690391980065004)	(67.0, 0.00029844713182159116)	(68.0, 0.00014325462327436376)	(69.0, 6.366872145527279e-05)	(70.0, 4.775154109145459e-05)	(71.0, 2.7855065636681844e-05)	(72.0, 1.9896475454772745e-05)	(73.0, 1.1937885272863648e-05)	(74.0, 7.958590181909099e-06)	(75.0, 7.958590181909099e-06)	(76.0, 1.1937885272863648e-05)	(77.0, 3.979295090954549e-06)	(78.0, 7.958590181909099e-06)	(79.0, 1.1937885272863648e-05)	(80.0, 7.958590181909099e-06)	(81.0, 3.979295090954549e-06)	(82.0, 0.0)	(83.0, 0.0)	(84.0, 0.0)	(85.0, 0.0)	(86.0, 0.0)	(87.0, 0.0)	(88.0, 0.0)	(89.0, 0.0)	(90.0, 3.979295090954549e-06)	(91.0, 1.1937885272863648e-05)	(92.0, 1.1937885272863648e-05)	(93.0, 7.958590181909099e-06)	(94.0, 7.958590181909099e-06)	(95.0, 7.958590181909099e-06)	(96.0, 7.958590181909099e-06)	(97.0, 1.1937885272863648e-05)	(98.0, 2.7855065636681844e-05)	(99.0, 0.00015917180363818196)	(100.0, 0.00035415726309495486)
