Sample	0	1	2	3	4	5	6	7	8	9	10	11	12	13	14	15
ERR1797969_1	(1.0, 12.457750121717147)	(2.0, 3.622097468623875)	(3.0, 2.3777841084145503)	(4.0, 1.7863736018380723)	(5.0, 1.4655544804509775)	(6.0, 1.2529678119071022)	(7.0, 1.106947695593221)	(8.0, 1.010028330515904)	(9.0, 0.9295473393328961)	('>10', 15.073006667384083)	('>50', 6.715062632781395)	('>100', 14.09615763887581)	('>500', 4.940629511173466)	('>1k', 8.919933714703804)	('>5k', 2.7369103114878492)	('>10k+', 21.509248565199883)
ERR1797969_2	(1.0, 13.826999044622484)	(2.0, 4.172656818165618)	(3.0, 2.611327680725671)	(4.0, 2.02121589133165)	(5.0, 1.6643080138805337)	(6.0, 1.3360757588544103)	(7.0, 1.21210719293245)	(8.0, 1.0786914671458128)	(9.0, 0.9431857060356317)	('>10', 15.281547012107325)	('>50', 6.309480008269391)	('>100', 12.763855488568446)	('>500', 3.8852589215858955)	('>1k', 6.111365778304194)	('>5k', 2.0496367380553093)	('>10k+', 24.732288479415125)
ERR1797970_1	(1.0, 12.214162037905131)	(2.0, 3.645988613498257)	(3.0, 2.2813859865605397)	(4.0, 1.777897112715866)	(5.0, 1.4774628279071484)	(6.0, 1.2163588408111927)	(7.0, 1.0727758764956923)	(8.0, 0.9710290448838227)	(9.0, 0.8911613198845055)	('>10', 15.004964656400816)	('>50', 6.657400553639035)	('>100', 14.442236907981492)	('>500', 5.252499268997659)	('>1k', 9.120964735657742)	('>5k', 2.744028811957439)	('>10k+', 21.229683404703557)
ERR1797970_2	(1.0, 13.90853604561005)	(2.0, 4.138538991188242)	(3.0, 2.623958937310053)	(4.0, 2.012990690275626)	(5.0, 1.6203497712765171)	(6.0, 1.363249545353507)	(7.0, 1.2268131731447478)	(8.0, 1.1034210974107295)	(9.0, 0.9856181162731646)	('>10', 15.62733922164378)	('>50', 6.451569255152889)	('>100', 13.175705924862507)	('>500', 3.959255404542579)	('>1k', 6.390787303130783)	('>5k', 1.9031332152857339)	('>10k+', 23.508733307538844)
ERR1797971_1	(1.0, 12.27975203760821)	(2.0, 3.6552330680245446)	(3.0, 2.23681873576391)	(4.0, 1.74703269770754)	(5.0, 1.410865033790984)	(6.0, 1.2480417654116471)	(7.0, 1.060024246524184)	(8.0, 0.9382380475089522)	(9.0, 0.8398021770787316)	('>10', 14.13043732542129)	('>50', 6.364170401227819)	('>100', 13.944191477784798)	('>500', 5.23971734639814)	('>1k', 9.329912746587771)	('>5k', 3.3026006214203742)	('>10k+', 22.273162271741246)
ERR1797971_2	(1.0, 13.818408823711655)	(2.0, 4.117579947792374)	(3.0, 2.5752772045961168)	(4.0, 1.9512250937707383)	(5.0, 1.5366151248539432)	(6.0, 1.3054982075833692)	(7.0, 1.224247109351961)	(8.0, 1.0402262027590257)	(9.0, 0.9161675995081433)	('>10', 14.7084661341934)	('>50', 6.156746182487956)	('>100', 12.878063518152635)	('>500', 4.0969944284018265)	('>1k', 6.564552470478096)	('>5k', 2.3150257722679193)	('>10k+', 24.79490618009084)
ERR1797972_1	(1.0, 13.91405939127405)	(2.0, 4.160861643703504)	(3.0, 2.5532901850271568)	(4.0, 1.9831128670995752)	(5.0, 1.6198274616341217)	(6.0, 1.399973214776569)	(7.0, 1.2181090312042802)	(8.0, 1.1388995462000737)	(9.0, 0.9953657059203034)	('>10', 17.166999746596534)	('>50', 7.835983355324383)	('>100', 18.070696333866007)	('>500', 6.940782215020767)	('>1k', 12.042284462497465)	('>5k', 3.4744618730713626)	('>10k+', 5.485292966783922)
ERR1797972_2	(1.0, 15.935102426624537)	(2.0, 4.898346248553048)	(3.0, 3.0548498819095613)	(4.0, 2.3619811199782967)	(5.0, 1.9231869905608112)	(6.0, 1.5912878176868583)	(7.0, 1.390760031136859)	(8.0, 1.2716946340267998)	(9.0, 1.115294421558847)	('>10', 18.59992449492586)	('>50', 8.02187321377447)	('>100', 17.29679285927081)	('>500', 5.935076708764877)	('>1k', 10.255596711128195)	('>5k', 2.7064373526269265)	('>10k+', 3.6417950874734344)
ERR1797973_1	(1.0, 13.895194589226701)	(2.0, 4.145550754951304)	(3.0, 2.571066682999697)	(4.0, 1.981965171300281)	(5.0, 1.6333292378085194)	(6.0, 1.3814536371005592)	(7.0, 1.2337026011940095)	(8.0, 1.0906991822780543)	(9.0, 1.0359375712093846)	('>10', 17.122893569296725)	('>50', 7.752011424071902)	('>100', 17.784620300496503)	('>500', 6.832410476808888)	('>1k', 12.115840270870413)	('>5k', 3.7381373962732027)	('>10k+', 5.685187134113794)
ERR1797973_2	(1.0, 15.741879990557583)	(2.0, 4.831324483625657)	(3.0, 3.07104701163188)	(4.0, 2.387970299357813)	(5.0, 1.9155947909856765)	(6.0, 1.6995241878679408)	(7.0, 1.4545738908459138)	(8.0, 1.2690627801044287)	(9.0, 1.21958353173)	('>10', 18.897362540639065)	('>50', 8.040705227300245)	('>100', 17.151126267211637)	('>500', 5.950770989348567)	('>1k', 10.322869740626482)	('>5k', 2.5465319288668535)	('>10k+', 3.5000723393000595)
ERR1797974_1	(1.0, 15.432982022392016)	(2.0, 4.41261887890353)	(3.0, 2.845341795927464)	(4.0, 2.1092368744578027)	(5.0, 1.725924489399047)	(6.0, 1.5074827349516267)	(7.0, 1.2909260325410903)	(8.0, 1.1514813213218626)	(9.0, 1.0501732430870516)	('>10', 17.670884342895288)	('>50', 7.912093259573154)	('>100', 17.467191107129448)	('>500', 6.565377588773032)	('>1k', 11.407130873240524)	('>5k', 3.044916036344727)	('>10k+', 4.406239399062422)
ERR1797974_2	(1.0, 17.5546266148937)	(2.0, 5.342535555066986)	(3.0, 3.369964368342404)	(4.0, 2.4864786568354655)	(5.0, 2.0676888757368483)	(6.0, 1.7107828280280377)	(7.0, 1.4912221304281346)	(8.0, 1.3616461683435797)	(9.0, 1.1958255817132992)	('>10', 19.059076218216536)	('>50', 8.069309493028463)	('>100', 16.52871534461258)	('>500', 5.527538276232129)	('>1k', 9.032110928745494)	('>5k', 2.3978056182439995)	('>10k+', 2.8046733415324154)
trim_paired_ERR1797969_pass_1	(1.0, 12.196612656234972)	(2.0, 4.239880072319782)	(3.0, 2.776625245082563)	(4.0, 2.1165397284346734)	(5.0, 1.8311112659611897)	(6.0, 1.5195068428058354)	(7.0, 1.3701927523234532)	(8.0, 1.2358158830652362)	(9.0, 1.1307050383639776)	('>10', 17.598556886089508)	('>50', 7.4489139905057815)	('>100', 13.676121806278388)	('>500', 4.274182018024398)	('>1k', 7.66592450855582)	('>5k', 2.478235044028299)	('>10k+', 18.441076261926156)
trim_paired_ERR1797969_pass_2	(1.0, 14.153448160644135)	(2.0, 4.993450982935328)	(3.0, 3.270980883033104)	(4.0, 2.484216541243991)	(5.0, 2.031883774918569)	(6.0, 1.6922158169705066)	(7.0, 1.4949478138614853)	(8.0, 1.2743872557247151)	(9.0, 1.2105261833421443)	('>10', 17.46833391102432)	('>50', 6.37908534896866)	('>100', 11.713999766105108)	('>500', 3.043391326734096)	('>1k', 4.616923702582521)	('>5k', 1.958958718371473)	('>10k+', 22.213249813539818)
trim_paired_ERR1797970_pass_1	(1.0, 11.870207702745374)	(2.0, 4.052658340849045)	(3.0, 2.714375328818279)	(4.0, 2.0847856530317297)	(5.0, 1.7046324939462492)	(6.0, 1.4687740182914955)	(7.0, 1.3411244667664446)	(8.0, 1.189114758213395)	(9.0, 1.0317433082726162)	('>10', 17.229977680437592)	('>50', 7.391996705181596)	('>100', 14.557388629669946)	('>500', 4.581862607452171)	('>1k', 8.165792797572085)	('>5k', 2.6488071665270922)	('>10k+', 17.966758342224967)
trim_paired_ERR1797970_pass_2	(1.0, 13.766182982085324)	(2.0, 4.865770495891132)	(3.0, 3.122165121944781)	(4.0, 2.4417326662445578)	(5.0, 1.9368332038379183)	(6.0, 1.6704199218151436)	(7.0, 1.4878697806022771)	(8.0, 1.2852929587391522)	(9.0, 1.1850989563030956)	('>10', 17.717458946238036)	('>50', 6.736800870601338)	('>100', 12.448965746330611)	('>500', 3.3247003066700085)	('>1k', 5.032109415997957)	('>5k', 2.102613302794617)	('>10k+', 20.875985323904043)
trim_paired_ERR1797971_pass_1	(1.0, 12.135734731222477)	(2.0, 4.065682862075024)	(3.0, 2.6223951180851737)	(4.0, 2.06464154227956)	(5.0, 1.757928145895626)	(6.0, 1.475692131711745)	(7.0, 1.283594598692363)	(8.0, 1.1353428401468035)	(9.0, 1.0040626074095864)	('>10', 16.792314705027394)	('>50', 7.164070533223434)	('>100', 14.175659935606014)	('>500', 4.502569848876394)	('>1k', 8.09658992171852)	('>5k', 2.8084756538331583)	('>10k+', 18.915244824196762)
trim_paired_ERR1797971_pass_2	(1.0, 13.85649649901076)	(2.0, 4.839783974263097)	(3.0, 3.1852486659414527)	(4.0, 2.4304716790988374)	(5.0, 1.935928550678386)	(6.0, 1.6336606150864765)	(7.0, 1.442951115996755)	(8.0, 1.222512690593253)	(9.0, 1.1249439261741268)	('>10', 17.08976478119097)	('>50', 6.549232197722603)	('>100', 12.16775458686031)	('>500', 3.192431007108057)	('>1k', 4.965572163190493)	('>5k', 2.0763851477790594)	('>10k+', 22.28686239930539)
trim_paired_ERR1797972_pass_1	(1.0, 12.716456250634595)	(2.0, 4.174015559901895)	(3.0, 2.8178765056644637)	(4.0, 2.191216808852335)	(5.0, 1.8377201843794484)	(6.0, 1.6281945983181907)	(7.0, 1.393805645265384)	(8.0, 1.2787684186144352)	(9.0, 1.1172959015841095)	('>10', 19.648699405981667)	('>50', 8.50206701784843)	('>100', 18.65642128011837)	('>500', 6.463074454089187)	('>1k', 10.962383502197817)	('>5k', 2.2617640435235646)	('>10k+', 4.350240423025999)
trim_paired_ERR1797972_pass_2	(1.0, 15.10176344487001)	(2.0, 5.373584901803348)	(3.0, 3.5206746640378586)	(4.0, 2.6952886816883073)	(5.0, 2.2076762130525394)	(6.0, 1.8379951308445324)	(7.0, 1.6151020845964412)	(8.0, 1.4098055181629703)	(9.0, 1.3561533516304483)	('>10', 20.615094108186412)	('>50', 8.365867645998646)	('>100', 17.049686923803694)	('>500', 5.619359570342299)	('>1k', 9.02795018037926)	('>5k', 1.8916415585838866)	('>10k+', 2.31235602201926)
trim_paired_ERR1797973_pass_1	(1.0, 12.546320426662385)	(2.0, 4.1049382470160625)	(3.0, 2.750120592149331)	(4.0, 2.1696757984257395)	(5.0, 1.8463360319564384)	(6.0, 1.5911025966404004)	(7.0, 1.389547679959776)	(8.0, 1.2701556074161915)	(9.0, 1.1449111764249609)	('>10', 19.198221084717108)	('>50', 8.391717484306389)	('>100', 18.400706785850986)	('>500', 6.567909518771228)	('>1k', 11.26217021044407)	('>5k', 2.608092390554177)	('>10k+', 4.75807436870476)
trim_paired_ERR1797973_pass_2	(1.0, 14.54808739289616)	(2.0, 5.285881390661943)	(3.0, 3.4877338425491096)	(4.0, 2.747662270796423)	(5.0, 2.2420708304189874)	(6.0, 1.9273281903081474)	(7.0, 1.6439017175628179)	(8.0, 1.4714186071764237)	(9.0, 1.3142597226271227)	('>10', 20.70686251388117)	('>50', 8.372840302017337)	('>100', 17.013382965039)	('>500', 5.426475829663632)	('>1k', 8.948471318195082)	('>5k', 2.6141565436704184)	('>10k+', 2.249466562536165)
trim_paired_ERR1797974_pass_1	(1.0, 13.922704879433132)	(2.0, 4.551543332306548)	(3.0, 3.12200650447096)	(4.0, 2.3809011170007612)	(5.0, 1.9881768174405414)	(6.0, 1.6998564415602873)	(7.0, 1.4926850260929665)	(8.0, 1.3632076149451806)	(9.0, 1.1862635770827805)	('>10', 19.78109695784134)	('>50', 8.496055846363308)	('>100', 18.20265073325772)	('>500', 6.029075232459986)	('>1k', 9.991644220934282)	('>5k', 2.3792095664015385)	('>10k+', 3.4129221324087933)
trim_paired_ERR1797974_pass_2	(1.0, 16.630145473632403)	(2.0, 5.851518644297955)	(3.0, 3.7666008865835043)	(4.0, 2.884596662957292)	(5.0, 2.278785942826158)	(6.0, 2.001606107347177)	(7.0, 1.7389051241838527)	(8.0, 1.5088950511343822)	(9.0, 1.3640928014442526)	('>10', 21.083140734755656)	('>50', 8.31249679979917)	('>100', 15.971420942124023)	('>500', 5.158271959000777)	('>1k', 8.074739745526417)	('>5k', 1.6772801332035674)	('>10k+', 1.6975029911835755)
