Sample	0	1	2	3	4	5	6	7	8	9	10	11	12	13	14	15	16	17	18	19	20	21	22	23	24	25	26	27	28	29	30	31	32	33	34	35	36	37	38	39	40	41	42	43	44	45	46	47	48	49	50	51	52	53	54
ERR1797969_1	(1, 32.10120930543145)	(2, 32.252504610336715)	(3, 32.334271619232915)	(4, 35.84410168371748)	(5, 35.907204192807846)	(6, 35.91994974200929)	(7, 35.89519511000499)	(8, 35.89910448893658)	(9, 37.57345884131343)	(10, 37.55392578768979)	(12, 37.56809956584647)	(14, 38.94126774929515)	(16, 38.98739347801211)	(18, 39.04046887101266)	(20, 39.07194837579511)	(22, 39.03438429064969)	(24, 39.015594623941794)	(26, 38.926175739959426)	(28, 38.9116090923335)	(30, 38.86146786366296)	(32, 38.84856782692832)	(34, 38.7752871262805)	(36, 38.77969748125562)	(38, 38.79532069329471)	(40, 38.754711272169175)	(42, 38.68143791613706)	(44, 38.50909874510012)	(46, 38.33943249369018)	(48, 38.10590174376984)	(50, 37.908789935817694)	(52, 37.717206637928726)	(54, 37.44997304660981)	(56, 37.18044163154874)	(58, 36.91139756354616)	(60, 36.5896798780817)	(62, 36.24594895287756)	(64, 35.96879523396514)	(66, 35.57628235447791)	(68, 35.09011415499059)	(70, 34.735993682936524)	(72, 34.36534159903965)	(74, 34.08375959735005)	(76, 33.80135249266618)	(78, 33.550556189818494)	(80, 33.34748184549797)	(82, 33.195378497926235)	(84, 33.068063517470236)	(86, 32.94201977239942)	(88, 32.84297238640404)	(90, 32.7222030392598)	(92, 32.56838430946425)	(94, 32.39914119273783)	(96, 32.27566453543012)	(98, 32.16516500440599)	(100, 31.999384710121706)
ERR1797969_2	(1, 31.189432790559167)	(2, 31.39202628423979)	(3, 31.511973766960473)	(4, 35.021958396087065)	(5, 34.97938133121294)	(6, 35.2367079805476)	(7, 35.31935834815622)	(8, 35.42291627276908)	(9, 37.14247737087279)	(10, 37.12232588518619)	(12, 37.1199298440767)	(14, 38.42380479777285)	(16, 38.46792797172019)	(18, 38.45225699076329)	(20, 38.43203874811045)	(22, 38.37738179525386)	(24, 38.470136888985806)	(26, 38.41322671984297)	(28, 38.3743882185733)	(30, 38.38885258134133)	(32, 38.33088463332132)	(34, 38.21846881302683)	(36, 38.19480868297816)	(38, 38.23807342364113)	(40, 38.172101367417085)	(42, 38.06649427574918)	(44, 37.93573925850919)	(46, 37.50002072299703)	(48, 37.45222207974224)	(50, 37.392873825902456)	(52, 37.21753556490388)	(54, 36.9359347486607)	(56, 36.57314319633357)	(58, 36.22597543436173)	(60, 35.78462691357119)	(62, 35.50823929012381)	(64, 35.22545909438459)	(66, 34.961003791903636)	(68, 34.60000295712348)	(70, 34.164604153358965)	(72, 33.898780458371874)	(74, 33.58040497786823)	(76, 33.205952816800846)	(78, 32.910693058756)	(80, 32.6950838458243)	(82, 32.53458203623437)	(84, 32.39565367619413)	(86, 32.20271231838173)	(88, 32.06433199004618)	(90, 31.917464177552635)	(92, 31.74389726050847)	(94, 31.570013137030713)	(96, 31.396470065891034)	(98, 31.182959099782213)	(100, 31.02694922630546)
ERR1797970_1	(1, 32.13034179883294)	(2, 32.28171716405638)	(3, 32.36550965331275)	(4, 35.86235549691789)	(5, 35.923750994016004)	(6, 35.93818868695273)	(7, 35.91367232877206)	(8, 35.917213278476915)	(9, 37.600096116372896)	(10, 37.58105884199294)	(12, 37.590429512532296)	(14, 38.96820269516317)	(16, 39.011046455746296)	(18, 39.060531369605755)	(20, 39.09784124879198)	(22, 39.06255082716399)	(24, 39.045998104705276)	(26, 38.965172964416666)	(28, 38.94700036193822)	(30, 38.89781248897103)	(32, 38.88916383636488)	(34, 38.81735660826345)	(36, 38.81612128759896)	(38, 38.83797542875036)	(40, 38.805141831722764)	(42, 38.73396664386406)	(44, 38.56928980513156)	(46, 38.415850209391024)	(48, 38.2087043325206)	(50, 38.02384466993412)	(52, 37.85568582786609)	(54, 37.59645777374956)	(56, 37.344793026907325)	(58, 37.09101490254325)	(60, 36.7641066546321)	(62, 36.42469484928878)	(64, 36.138613476266386)	(66, 35.746482797797434)	(68, 35.26175871186038)	(70, 34.90577822723863)	(72, 34.519976868243226)	(74, 34.221717363047304)	(76, 33.9423692235374)	(78, 33.68326535102375)	(80, 33.46704674559723)	(82, 33.30744002676241)	(84, 33.18368452729142)	(86, 33.0552136374115)	(88, 32.95359968957415)	(90, 32.83135036370285)	(92, 32.708414387719934)	(94, 32.59998588290773)	(96, 32.468405271682684)	(98, 32.315369909117464)	(100, 32.1495016591338)
ERR1797970_2	(1, 31.230720407233058)	(2, 31.422148253497923)	(3, 31.48714680048869)	(4, 35.0147967776986)	(5, 35.04854244776864)	(6, 35.22301345103584)	(7, 35.30914551042675)	(8, 35.42077217491077)	(9, 37.13418089702107)	(10, 37.117990544551816)	(12, 37.113890730702195)	(14, 38.43660791052767)	(16, 38.47101931788913)	(18, 38.45486831306003)	(20, 38.44611182989805)	(22, 38.39135012716646)	(24, 38.46621338660783)	(26, 38.41144849251231)	(28, 38.37519257065492)	(30, 38.385172810480285)	(32, 38.32908549025733)	(34, 38.22232760815157)	(36, 38.196681075361994)	(38, 38.23045473557109)	(40, 38.16935220568303)	(42, 38.0718809298358)	(44, 37.94471121535399)	(46, 37.536264594858224)	(48, 37.480382066336816)	(50, 37.419944654240126)	(52, 37.251605368700154)	(54, 36.98121343541693)	(56, 36.63190939680218)	(58, 36.30406268139149)	(60, 35.88081566006042)	(62, 35.60306669425006)	(64, 35.3211882912236)	(66, 35.04981326766382)	(68, 34.687394225057986)	(70, 34.23688298732691)	(72, 33.96276096909333)	(74, 33.62909831203129)	(76, 33.2428228289902)	(78, 32.943319273810765)	(80, 32.72972507713715)	(82, 32.563486441208696)	(84, 32.41682483316676)	(86, 32.2182137523006)	(88, 32.067913125817086)	(90, 31.908632282786385)	(92, 31.72698983419175)	(94, 31.546449945521537)	(96, 31.36519521010063)	(98, 31.14582115296095)	(100, 30.987737766000183)
ERR1797971_1	(1, 32.113074159128985)	(2, 32.26525382552419)	(3, 32.348647563539004)	(4, 35.84735075081634)	(5, 35.91488385477306)	(6, 35.92867915760506)	(7, 35.90353052731811)	(8, 35.907930733550614)	(9, 37.589061890214694)	(10, 37.563622763301844)	(12, 37.57754186358629)	(14, 38.95584098148417)	(16, 38.99516411221236)	(18, 39.047744852653686)	(20, 39.07797754514143)	(22, 39.04139664750849)	(24, 39.02421044263022)	(26, 38.94373548852455)	(28, 38.92261956568391)	(30, 38.87067025382281)	(32, 38.86802264356095)	(34, 38.79200825509519)	(36, 38.789796905896736)	(38, 38.81542181953642)	(40, 38.784962973949476)	(42, 38.70636734702748)	(44, 38.51315472888702)	(46, 38.3535375085817)	(48, 38.127430353519955)	(50, 37.93504570780867)	(52, 37.75699729967259)	(54, 37.47996761273201)	(56, 37.22081014168434)	(58, 36.95373175250723)	(60, 36.627110627946095)	(62, 36.28582367048581)	(64, 36.0060688459437)	(66, 35.612145225494814)	(68, 35.12598410010426)	(70, 34.770531208059225)	(72, 34.3956931670362)	(74, 34.09721493762227)	(76, 33.82100507377593)	(78, 33.55698503945093)	(80, 33.321974971400365)	(82, 33.138371234079145)	(84, 33.00976552914628)	(86, 32.8796341057273)	(88, 32.7765417590937)	(90, 32.650928363180725)	(92, 32.520459050225796)	(94, 32.40101113325919)	(96, 32.24586485541359)	(98, 32.044010030563626)	(100, 31.83422709805986)
ERR1797971_2	(1, 31.1301329627378)	(2, 31.23613780923783)	(3, 31.342611151948333)	(4, 34.93056715930302)	(5, 34.983916472576674)	(6, 35.182891539776996)	(7, 35.26107343401927)	(8, 35.36147936144709)	(9, 37.0621490375726)	(10, 37.04523148910262)	(12, 37.03891714897148)	(14, 38.338309715655214)	(16, 38.37742487535592)	(18, 38.3591990688751)	(20, 38.34293270659515)	(22, 38.28885236175876)	(24, 38.369368913691844)	(26, 38.310937530277045)	(28, 38.27656175212874)	(30, 38.281545414523166)	(32, 38.22233261854611)	(34, 38.1055681870247)	(36, 38.074678839237706)	(38, 38.10981572904946)	(40, 38.04352418532457)	(42, 37.93345274825455)	(44, 37.79356925114675)	(46, 37.360328331271546)	(48, 37.29596977357345)	(50, 37.226899813706204)	(52, 37.04630580687199)	(54, 36.75805350780878)	(56, 36.39021250386867)	(58, 36.038348289173896)	(60, 35.590834805193765)	(62, 35.30798471836714)	(64, 35.029113227402846)	(66, 34.75918831175299)	(68, 34.394286465059366)	(70, 33.94228532342809)	(72, 33.65590776981135)	(74, 33.30119480115894)	(76, 32.91145872552008)	(78, 32.61005548248319)	(80, 32.39710115479698)	(82, 32.23846909853687)	(84, 32.09818595804396)	(86, 31.891135316446825)	(88, 31.730614244349297)	(90, 31.556542892756745)	(92, 31.352247414532947)	(94, 31.150479715128228)	(96, 30.94950137841473)	(98, 30.709588688578236)	(100, 30.535554262527747)
ERR1797972_1	(1, 32.134563337248316)	(2, 32.28484261020506)	(3, 32.38766671477303)	(4, 35.88120869382948)	(5, 35.929024179873885)	(6, 35.93568893016418)	(7, 35.89827967060976)	(8, 35.88567346423878)	(9, 37.59037805989346)	(10, 37.60646697995382)	(12, 37.57822896246388)	(14, 38.921497780336885)	(16, 38.968221068490124)	(18, 39.016165271065084)	(20, 39.058393636163146)	(22, 39.03630251158061)	(24, 39.029564623121104)	(26, 38.97887700985018)	(28, 38.94422927473673)	(30, 38.89354485583675)	(32, 38.86506840533015)	(34, 38.85098588257921)	(36, 38.821652158929446)	(38, 38.785058941129186)	(40, 38.73088359180534)	(42, 38.66723028541354)	(44, 38.581321925970066)	(46, 38.48960396595369)	(48, 38.38439693452655)	(50, 38.25084791160522)	(52, 38.087519984206146)	(54, 37.89549438226479)	(56, 37.65149823013385)	(58, 37.37764333271637)	(60, 36.97986318416963)	(62, 36.63184926675708)	(64, 36.299571946908884)	(66, 35.898655830868066)	(68, 35.47061151043005)	(70, 35.08253274027098)	(72, 34.707853857640515)	(74, 34.36276037077451)	(76, 34.04922780421822)	(78, 33.777959128596294)	(80, 33.55093736507014)	(82, 33.36138125190092)	(84, 33.218315607098134)	(86, 33.08205810845085)	(88, 32.987722592260454)	(90, 32.88803356888711)	(92, 32.76245860058339)	(94, 32.626071259066656)	(96, 32.46441321215453)	(98, 32.28484517678055)	(100, 32.130928143124365)
ERR1797972_2	(1, 31.17352967722008)	(2, 31.38466315672389)	(3, 31.322741513276544)	(4, 34.80313583085625)	(5, 34.904015874509454)	(6, 35.16948242771009)	(7, 35.27695129533403)	(8, 35.39853802689948)	(9, 37.11128006604704)	(10, 37.091724570333106)	(12, 37.06742729870256)	(14, 38.412831581242415)	(16, 38.40061294623516)	(18, 38.401266333575634)	(20, 38.42623281668477)	(22, 38.37536266265626)	(24, 38.388229145632444)	(26, 38.32630308915242)	(28, 38.276373741990255)	(30, 38.247055140824855)	(32, 38.19492503826967)	(34, 38.110846573293045)	(36, 38.09329014445352)	(38, 38.08800364520192)	(40, 38.03205641709607)	(42, 37.95801634587304)	(44, 37.90335992059347)	(46, 37.76728741849184)	(48, 37.71322444455244)	(50, 37.614572890079224)	(52, 37.48556609644622)	(54, 37.24908225538394)	(56, 37.039518763033215)	(58, 36.82142816520799)	(60, 36.49167884836022)	(62, 36.18808066462414)	(64, 35.814853208130735)	(66, 35.41165352309201)	(68, 35.0038180857084)	(70, 34.5483080654284)	(72, 34.108192789629)	(74, 33.70604119061923)	(76, 33.3112875331199)	(78, 32.973349160179566)	(80, 32.69653838023753)	(82, 32.44940897490458)	(84, 32.254791094788104)	(86, 32.06792999667195)	(88, 31.910084200663512)	(90, 31.731667985283295)	(92, 31.541816328176594)	(94, 31.302769530679328)	(96, 31.056217660225585)	(98, 30.81534322093924)	(100, 30.638094612761737)
ERR1797973_1	(1, 32.17403247313318)	(2, 32.32051158627565)	(3, 32.42781921018113)	(4, 35.91649193807628)	(5, 35.958256092887254)	(6, 35.96157120468377)	(7, 35.925480246178616)	(8, 35.91485454638059)	(9, 37.63062220132975)	(10, 37.64814800357696)	(12, 37.6178370949521)	(14, 38.96930816328746)	(16, 39.00993590037966)	(18, 39.05583382108716)	(20, 39.09645517076116)	(22, 39.07772047655985)	(24, 39.07505579597668)	(26, 39.02873202651488)	(28, 38.996437427932804)	(30, 38.94430432248697)	(32, 38.917399765544175)	(34, 38.90335504359726)	(36, 38.874343807585916)	(38, 38.84049975911501)	(40, 38.79131697291484)	(42, 38.73539902994739)	(44, 38.65199727887635)	(46, 38.567605144000794)	(48, 38.47546765920744)	(50, 38.35072215398771)	(52, 38.18338876749547)	(54, 37.99703419230888)	(56, 37.756599747676105)	(58, 37.491638911316755)	(60, 37.10208778817484)	(62, 36.760233165813204)	(64, 36.42974322161335)	(66, 36.03421883962737)	(68, 35.61332179562433)	(70, 35.22790366604407)	(72, 34.85511857636555)	(74, 34.51164511921928)	(76, 34.19967605770218)	(78, 33.9374379940334)	(80, 33.71797571862629)	(82, 33.53158160824336)	(84, 33.393924083238495)	(86, 33.26285382330815)	(88, 33.17705153018326)	(90, 33.08868253863553)	(92, 32.982632943881725)	(94, 32.87096045895896)	(96, 32.73615827688331)	(98, 32.59028127183933)	(100, 32.46842528014882)
ERR1797973_2	(1, 31.004331671491325)	(2, 31.177331679005935)	(3, 31.349294670388346)	(4, 34.86319039432497)	(5, 34.969342855735356)	(6, 35.20681170141617)	(7, 35.32710649120332)	(8, 35.45715866764301)	(9, 37.18436689831147)	(10, 37.165570125084855)	(12, 37.14564689099724)	(14, 38.500247752505494)	(16, 38.49214940379922)	(18, 38.49897721987831)	(20, 38.52399882438107)	(22, 38.47265692383609)	(24, 38.484000268856036)	(26, 38.42637158325311)	(28, 38.37872973038415)	(30, 38.35328828881484)	(32, 38.30403125409651)	(34, 38.22272152860519)	(36, 38.20813575476322)	(38, 38.20825340015213)	(40, 38.15795636433165)	(42, 38.081121087915086)	(44, 38.03200355357541)	(46, 37.90134331997125)	(48, 37.85749688769917)	(50, 37.77087080549101)	(52, 37.65433782929645)	(54, 37.42907934759829)	(56, 37.23269671369421)	(58, 37.02692981438079)	(60, 36.70887170640921)	(62, 36.415541611316)	(64, 36.051952984427224)	(66, 35.658290806209074)	(68, 35.2574901454244)	(70, 34.80678028617304)	(72, 34.38403596325189)	(74, 33.99390018260502)	(76, 33.602297445784174)	(78, 33.263704769355755)	(80, 32.98742649250585)	(82, 32.73685817927688)	(84, 32.54631754903491)	(86, 32.36482400784191)	(88, 32.21628916885912)	(90, 32.055747799680546)	(92, 31.89333038732803)	(94, 31.692054824087165)	(96, 31.485608207456664)	(98, 31.282779812752626)	(100, 31.129353902211548)
ERR1797974_1	(1, 32.12989432051228)	(2, 32.28493793313192)	(3, 32.386341764952995)	(4, 35.87981829914634)	(5, 35.927611351669135)	(6, 35.936370665335296)	(7, 35.90089894754244)	(8, 35.88931220274269)	(9, 37.599824261235185)	(10, 37.61908631332713)	(12, 37.58961364622998)	(14, 38.93374030671109)	(16, 38.975751303443175)	(18, 39.02027254353528)	(20, 39.063179962011475)	(22, 39.043831120563325)	(24, 39.03691811383364)	(26, 38.99200182511519)	(28, 38.95789952460345)	(30, 38.90318666677969)	(32, 38.87848502616826)	(34, 38.863697531219316)	(36, 38.83190375443354)	(38, 38.80177143229159)	(40, 38.749691665429225)	(42, 38.68333489886932)	(44, 38.60404215079773)	(46, 38.513088045757996)	(48, 38.411616723056795)	(50, 38.29161636763782)	(52, 38.12727426731733)	(54, 37.93987476945636)	(56, 37.698841902107716)	(58, 37.4241336242835)	(60, 37.02360382195023)	(62, 36.66647063402314)	(64, 36.33078416313266)	(66, 35.92515719652221)	(68, 35.49756804778208)	(70, 35.09987916615265)	(72, 34.71265031673382)	(74, 34.35391088028288)	(76, 34.0224743124805)	(78, 33.72791844485522)	(80, 33.46986810814737)	(82, 33.26012869867557)	(84, 33.109957725365)	(86, 32.96680287762008)	(88, 32.86772521138716)	(90, 32.76263715633491)	(92, 32.63885464383512)	(94, 32.50554705327761)	(96, 32.34236815408075)	(98, 32.1711208998107)	(100, 32.03771038404742)
ERR1797974_2	(1, 31.061683093033242)	(2, 31.29869342217144)	(3, 31.197071347606347)	(4, 34.784362141475945)	(5, 34.835067564244454)	(6, 35.0738629916631)	(7, 35.1971053834917)	(8, 35.331829142265136)	(9, 37.03595738535038)	(10, 37.01958403759146)	(12, 36.99640557815029)	(14, 38.320815392240775)	(16, 38.30904938890956)	(18, 38.30987593166782)	(20, 38.33714016033527)	(22, 38.282135889068314)	(24, 38.29088461761715)	(26, 38.22718062775512)	(28, 38.18170877097881)	(30, 38.146814049652036)	(32, 38.089975562578545)	(34, 38.008394923153986)	(36, 37.985289118064806)	(38, 37.979592969537194)	(40, 37.9292116191714)	(42, 37.85843642671052)	(44, 37.80978406489761)	(46, 37.66731010697552)	(48, 37.6135303315461)	(50, 37.51802963893089)	(52, 37.38652291675748)	(54, 37.15718361353272)	(56, 36.951098005837046)	(58, 36.739853594918834)	(60, 36.42421626134775)	(62, 36.13364362500337)	(64, 35.76186013987759)	(66, 35.356268908795315)	(68, 34.942564357405715)	(70, 34.479321392431736)	(72, 34.02471842189498)	(74, 33.599567787284926)	(76, 33.195257075709875)	(78, 32.853631988258954)	(80, 32.575044824314375)	(82, 32.319229001569134)	(84, 32.12106297641365)	(86, 31.931239938491004)	(88, 31.773374983331667)	(90, 31.598370356645738)	(92, 31.42070772524667)	(94, 31.201044230429055)	(96, 30.978067830550515)	(98, 30.760222953551516)	(100, 30.597413737425494)
trim_paired_ERR1797969_pass_1	(1, 32.422099338796656)	(2, 32.51216929217203)	(3, 32.57864339891097)	(4, 36.06560023466472)	(5, 36.10376079438965)	(6, 36.11922615728182)	(7, 36.10872714511226)	(8, 36.11672029735827)	(9, 37.82903039448262)	(10, 37.83488534503066)	(12, 37.84172093428569)	(14, 39.25284649176933)	(16, 39.29401487908363)	(18, 39.353556881979756)	(20, 39.41417167722615)	(22, 39.35232502991646)	(24, 39.3500557321058)	(26, 39.262987064903015)	(28, 39.26742053880923)	(30, 39.25182274091789)	(32, 39.25019702670803)	(34, 39.209995085904104)	(36, 39.22879836928218)	(38, 39.22763258170287)	(40, 39.197935391153386)	(42, 39.16081174162123)	(44, 39.09180212818683)	(46, 38.97081422582944)	(48, 38.92237094148125)	(50, 38.809920624596316)	(52, 38.70861772659458)	(54, 38.57425618160334)	(56, 38.39205109788635)	(58, 38.20517922897379)	(60, 37.910093629427095)	(62, 37.55006735207192)	(64, 37.214716099002196)	(66, 36.76870431651278)	(68, 36.21021718449852)	(70, 35.84874810579645)	(72, 35.38257717566224)	(74, 35.07293473287969)	(76, 34.79062581178264)	(78, 34.60492970404307)	(80, 34.46736507689285)	(82, 34.342809890484446)	(84, 34.25082898024441)	(86, 34.19640533480944)	(88, 34.124570133317405)	(90, 34.08324245957872)	(92, 34.03955873983829)	(94, 34.0287851241858)	(96, 34.07750154834764)	(98, 34.157602998433916)	(100, 34.22056686664973)
trim_paired_ERR1797969_pass_2	(1, 31.827170260378224)	(2, 31.942885092248897)	(3, 32.06950542222244)	(4, 35.560414803861164)	(5, 35.53712200461449)	(6, 35.830563840287525)	(7, 35.9179293960023)	(8, 36.03114334095631)	(9, 37.80660396954592)	(10, 37.79663653356019)	(12, 37.809107075188734)	(14, 39.20593925449118)	(16, 39.24536846653048)	(18, 39.24739496684267)	(20, 39.242692147231914)	(22, 39.17217357048813)	(24, 39.26522273753625)	(26, 39.2351971372618)	(28, 39.20457381981174)	(30, 39.24478211076294)	(32, 39.20834389459735)	(34, 39.129896279142685)	(36, 39.119827011277174)	(38, 39.17662781626163)	(40, 39.126203591995235)	(42, 39.044069065731904)	(44, 38.976398759563764)	(46, 38.65374318611983)	(48, 38.61010485929336)	(50, 38.57285846917234)	(52, 38.48069101340363)	(54, 38.28340634124619)	(56, 38.008678588798176)	(58, 37.7860634970245)	(60, 37.45944802819505)	(62, 37.22269118048748)	(64, 36.971412468209735)	(66, 36.75161200291947)	(68, 36.42973235066701)	(70, 35.95006376475719)	(72, 35.79421422173316)	(74, 35.576587508980204)	(76, 35.23113196082536)	(78, 34.99098056002827)	(80, 34.83035515830932)	(82, 34.65660181521413)	(84, 34.51473277981489)	(86, 34.3668904176328)	(88, 34.28748805191306)	(90, 34.241061491217565)	(92, 34.25858755044575)	(94, 34.24174615041444)	(96, 34.19346429359803)	(98, 34.19251131299369)	(100, 34.26095798861521)
trim_paired_ERR1797970_pass_1	(1, 32.4518788825699)	(2, 32.543833151985375)	(3, 32.61496497353899)	(4, 36.08300039699855)	(5, 36.12142479259668)	(6, 36.1396440516339)	(7, 36.12747771026375)	(8, 36.13380123760366)	(9, 37.857239308995204)	(10, 37.86103839383631)	(12, 37.85840066416434)	(14, 39.27788271616156)	(16, 39.31781710828926)	(18, 39.36881396394916)	(20, 39.43668077362514)	(22, 39.3794815728493)	(24, 39.37520531385924)	(26, 39.30108399047721)	(28, 39.303049517826786)	(30, 39.28769432459508)	(32, 39.29070128401431)	(34, 39.24706251362492)	(36, 39.255322166056196)	(38, 39.2545890833635)	(40, 39.226266030951734)	(42, 39.186879323944076)	(44, 39.12074649883422)	(46, 39.008900104398435)	(48, 38.962464171953116)	(50, 38.850371212869916)	(52, 38.75174916437271)	(54, 38.61390413930724)	(56, 38.432699336106)	(58, 38.24096544279336)	(60, 37.94177791313439)	(62, 37.58879693964075)	(64, 37.2611898637326)	(66, 36.82853087997023)	(68, 36.285714294303965)	(70, 35.92229188626348)	(72, 35.45882860689136)	(74, 35.13995274469917)	(76, 34.856922499392184)	(78, 34.66384440321947)	(80, 34.519563958561356)	(82, 34.39280348070439)	(84, 34.295119445019246)	(86, 34.23702186910713)	(88, 34.16908369574767)	(90, 34.12816851442011)	(92, 34.098263107107854)	(94, 34.098744502666406)	(96, 34.137934366730995)	(98, 34.20817926479095)	(100, 34.269216707670545)
trim_paired_ERR1797970_pass_2	(1, 31.87890257976911)	(2, 31.97671586168116)	(3, 32.03851233012964)	(4, 35.56662003822429)	(5, 35.62129517083563)	(6, 35.81966431196776)	(7, 35.910678593910504)	(8, 36.03314641800524)	(9, 37.80471578191392)	(10, 37.793930223677)	(12, 37.80652752592452)	(14, 39.217778919383974)	(16, 39.25018207960947)	(18, 39.2541017000971)	(20, 39.26086643146221)	(22, 39.190557805077866)	(24, 39.268429549841215)	(26, 39.23793818297719)	(28, 39.21096474186008)	(30, 39.247410950803015)	(32, 39.21351753167498)	(34, 39.14142299034714)	(36, 39.13130422360037)	(38, 39.18106506141227)	(40, 39.1326746274642)	(42, 39.05893495492232)	(44, 38.996231780723946)	(46, 38.69477896886417)	(48, 38.64496191284558)	(50, 38.61926510132261)	(52, 38.52972979872388)	(54, 38.33829284329681)	(56, 38.08272241876978)	(58, 37.87636486134879)	(60, 37.564478911225834)	(62, 37.3272743601807)	(64, 37.072567985017166)	(66, 36.84091964459715)	(68, 36.52316440366263)	(70, 36.03290674554145)	(72, 35.86411861766677)	(74, 35.63782292165061)	(76, 35.28482367527987)	(78, 35.037404064426994)	(80, 34.871719748189484)	(82, 34.68923865511071)	(84, 34.53896026663885)	(86, 34.39186983948761)	(88, 34.31134655773862)	(90, 34.260952141065616)	(92, 34.27144447170684)	(94, 34.25272373978787)	(96, 34.20636602006707)	(98, 34.20523629829535)	(100, 34.2739726663573)
trim_paired_ERR1797971_pass_1	(1, 32.44407571662823)	(2, 32.537024830005144)	(3, 32.605495182588655)	(4, 36.074078508917516)	(5, 36.11825772545243)	(6, 36.137434769415314)	(7, 36.12673260838285)	(8, 36.1353228869422)	(9, 37.85768086127878)	(10, 37.85991982140746)	(12, 37.85966310174903)	(14, 39.280216381050614)	(16, 39.31821327676573)	(18, 39.37369905674758)	(20, 39.43954469301201)	(22, 39.377194867601325)	(24, 39.373323949721694)	(26, 39.29804087427148)	(28, 39.29743187740141)	(30, 39.2809373900358)	(32, 39.28984297646642)	(34, 39.24694440210106)	(36, 39.25694396758665)	(38, 39.2567679536366)	(40, 39.22929378587415)	(42, 39.187126940890366)	(44, 39.11452243305273)	(46, 39.00428253123874)	(48, 38.95669216292723)	(50, 38.84289629574031)	(52, 38.74222324768989)	(54, 38.60570645135576)	(56, 38.42473680099879)	(58, 38.234951559417254)	(60, 37.93541076638692)	(62, 37.5764015580582)	(64, 37.24728656165492)	(66, 36.80929669745346)	(68, 36.25868761431772)	(70, 35.892953462582575)	(72, 35.42553214705083)	(74, 35.11086715847955)	(76, 34.82992272879737)	(78, 34.642741315808934)	(80, 34.50074543636757)	(82, 34.37558293576895)	(84, 34.279372749560736)	(86, 34.225993195695736)	(88, 34.15902836275653)	(90, 34.119080231162386)	(92, 34.088379436483116)	(94, 34.08913923598965)	(96, 34.1281311697811)	(98, 34.19757900571576)	(100, 34.25795972126145)
trim_paired_ERR1797971_pass_2	(1, 31.808457929745433)	(2, 31.800384865792033)	(3, 31.90392508971654)	(4, 35.5164809889263)	(5, 35.606066390951845)	(6, 35.832152142725874)	(7, 35.91407221202024)	(8, 36.02851646809596)	(9, 37.7894016238017)	(10, 37.77741468915124)	(12, 37.79077283729359)	(14, 39.19036289788342)	(16, 39.22715073945804)	(18, 39.229307035001916)	(20, 39.230276536364585)	(22, 39.156067886821106)	(24, 39.24291990831034)	(26, 39.21209029209341)	(28, 39.18703989554559)	(30, 39.22196659082847)	(32, 39.18792359812119)	(34, 39.11012995542309)	(36, 39.09840023905416)	(38, 39.15140604587617)	(40, 39.09860032937617)	(42, 39.014361555874984)	(44, 38.94845740262959)	(46, 38.63218608471179)	(48, 38.58049073059679)	(50, 38.553755420613044)	(52, 38.465864847670495)	(54, 38.26901044170012)	(56, 38.007639878789355)	(58, 37.796326792060384)	(60, 37.47530589187755)	(62, 37.23527783090628)	(64, 36.98845316794724)	(66, 36.76333445200604)	(68, 36.44913423152073)	(70, 35.954064660947644)	(72, 35.79836416760687)	(74, 35.57858281365385)	(76, 35.227325273210184)	(78, 34.98646169232896)	(80, 34.82824501122883)	(82, 34.650627193188186)	(84, 34.50573414062848)	(86, 34.35839210564814)	(88, 34.27668207838157)	(90, 34.22692367348458)	(92, 34.243736661963766)	(94, 34.2272556145328)	(96, 34.180113922068756)	(98, 34.179564144167045)	(100, 34.246806623623684)
trim_paired_ERR1797972_pass_1	(1, 32.493996384062775)	(2, 32.58164150058487)	(3, 32.67753725482442)	(4, 36.12318458056902)	(5, 36.149989139976256)	(6, 36.15643260868238)	(7, 36.12838481643652)	(8, 36.12187578051878)	(9, 37.86461417548577)	(10, 37.88878099940713)	(12, 37.864359611877)	(14, 39.278147197081665)	(16, 39.32679824983521)	(18, 39.37273436934374)	(20, 39.41655372920422)	(22, 39.395028747805824)	(24, 39.39558105343103)	(26, 39.37866525801352)	(28, 39.36438131011721)	(30, 39.330034376990824)	(32, 39.310961078663496)	(34, 39.30678941934201)	(36, 39.28341965138016)	(38, 39.24338876064595)	(40, 39.193189863745225)	(42, 39.14258193502653)	(44, 39.0912800987666)	(46, 39.02176380742256)	(48, 38.94677817841783)	(50, 38.82757890641675)	(52, 38.681063933688904)	(54, 38.517166582040616)	(56, 38.294621399980926)	(58, 38.05539940833277)	(60, 37.684021295590554)	(62, 37.36411555164403)	(64, 37.05655735977956)	(66, 36.68297012114671)	(68, 36.285965684800004)	(70, 35.921700762588124)	(72, 35.5501366084215)	(74, 35.2291590446933)	(76, 34.946693854804394)	(78, 34.7314353802986)	(80, 34.56453148538769)	(82, 34.41873717438629)	(84, 34.31653766704096)	(86, 34.238201332285115)	(88, 34.20439811609423)	(90, 34.18215644021842)	(92, 34.149988886642575)	(94, 34.14402067467454)	(96, 34.163049849181135)	(98, 34.213185110694745)	(100, 34.29309394978261)
trim_paired_ERR1797972_pass_2	(1, 31.843027879294688)	(2, 31.942892703256174)	(3, 31.862958785119528)	(4, 35.34059062537163)	(5, 35.48534107598266)	(6, 35.774220106367174)	(7, 35.88384136049493)	(8, 36.01297809182841)	(9, 37.780542035851745)	(10, 37.772488717642005)	(12, 37.76817422065882)	(14, 39.1875047067372)	(16, 39.17691890949661)	(18, 39.196311139244116)	(20, 39.219638492052994)	(22, 39.176791918455905)	(24, 39.205500834637164)	(26, 39.163455096927535)	(28, 39.129139602624896)	(30, 39.117242206733565)	(32, 39.08228456082617)	(34, 39.02376291681338)	(36, 39.024401870017584)	(38, 39.04471109574587)	(40, 39.00568959115427)	(42, 38.94289782796618)	(44, 38.92553887234282)	(46, 38.849082669640985)	(48, 38.82851157486627)	(50, 38.780327117626)	(52, 38.71478747297737)	(54, 38.560143248829775)	(56, 38.42929479592778)	(58, 38.2845508489826)	(60, 38.03289800481761)	(62, 37.799604448145274)	(64, 37.493708329428394)	(66, 37.14123763811219)	(68, 36.797124972894224)	(70, 36.37397706915952)	(72, 36.01049516315548)	(74, 35.69798385153534)	(76, 35.35027587273474)	(78, 35.05529300700961)	(80, 34.811425290998905)	(82, 34.590685717785234)	(84, 34.449005385016406)	(86, 34.325140348756875)	(88, 34.24998067734368)	(90, 34.194271676982225)	(92, 34.164770979102336)	(94, 34.1369849957424)	(96, 34.13214741554971)	(98, 34.175691612368745)	(100, 34.25259554771581)
trim_paired_ERR1797973_pass_1	(1, 32.5141063571908)	(2, 32.599654218160275)	(3, 32.69862496161751)	(4, 36.1422753852594)	(5, 36.16614071285492)	(6, 36.16833072291065)	(7, 36.13838413497669)	(8, 36.13322478433168)	(9, 37.88352436117893)	(10, 37.90948628867396)	(12, 37.88175767178818)	(14, 39.29689430759457)	(16, 39.3413434519517)	(18, 39.38501965373048)	(20, 39.42815729613261)	(22, 39.408845339501205)	(24, 39.414956933501166)	(26, 39.40047773874271)	(28, 39.386000186601294)	(30, 39.35008710250675)	(32, 39.333262141093655)	(34, 39.32916957896586)	(36, 39.30477496365436)	(38, 39.26623318124403)	(40, 39.22190745218123)	(42, 39.1777133880006)	(44, 39.12562406671975)	(46, 39.060609174388546)	(48, 38.992620196129934)	(50, 38.88227809686978)	(52, 38.733918430228854)	(54, 38.57215110873102)	(56, 38.35317643018566)	(58, 38.11778297597546)	(60, 37.748802804814005)	(62, 37.432583509261406)	(64, 37.12435683725145)	(66, 36.74924939152476)	(68, 36.35559817438801)	(70, 35.986384057960876)	(72, 35.612349286322996)	(74, 35.2884534385273)	(76, 35.00229773149027)	(78, 34.7833727316438)	(80, 34.60880940984494)	(82, 34.45238721846961)	(84, 34.34497101944318)	(86, 34.25900236176621)	(88, 34.2259702988441)	(90, 34.20245113275229)	(92, 34.173731329472076)	(94, 34.16668362060662)	(96, 34.18051154487705)	(98, 34.22995163309442)	(100, 34.313678983861465)
trim_paired_ERR1797973_pass_2	(1, 31.60349538687428)	(2, 31.63278332187395)	(3, 31.8578836930762)	(4, 35.37822885583181)	(5, 35.524277587972364)	(6, 35.77133157254519)	(7, 35.89565220438478)	(8, 36.035288962620896)	(9, 37.811532836206844)	(10, 37.80299560786102)	(12, 37.802810065139624)	(14, 39.2249461477126)	(16, 39.216918240159956)	(18, 39.242685973817125)	(20, 39.26498413523951)	(22, 39.22146792436135)	(24, 39.247223356641946)	(26, 39.2070715540048)	(28, 39.17410200316054)	(30, 39.1651334235775)	(32, 39.13154770882663)	(34, 39.0710912978237)	(36, 39.07558673915986)	(38, 39.099939266972285)	(40, 39.06088476902687)	(42, 38.99464959474082)	(44, 38.97769008474006)	(46, 38.901880351190066)	(48, 38.88573609028232)	(50, 38.84224224022787)	(52, 38.77864414526613)	(54, 38.626009330882866)	(56, 38.49919900273062)	(58, 38.35690959549173)	(60, 38.11029392395916)	(62, 37.87848192638781)	(64, 37.57286819218321)	(66, 37.221637198143696)	(68, 36.87390789128)	(70, 36.44850266300691)	(72, 36.08991113626627)	(74, 35.774053391162454)	(76, 35.42184179507757)	(78, 35.11969458102909)	(80, 34.87228838818835)	(82, 34.64281611075661)	(84, 34.49591910510054)	(86, 34.36890757778312)	(88, 34.29092703294224)	(90, 34.233556111521594)	(92, 34.20237737432201)	(94, 34.174725270982314)	(96, 34.1686297211846)	(98, 34.207199107293135)	(100, 34.283029607193406)
trim_paired_ERR1797974_pass_1	(1, 32.49360780688146)	(2, 32.58661076298632)	(3, 32.679850951802614)	(4, 36.12652800622782)	(5, 36.15311192526549)	(6, 36.16014102175686)	(7, 36.13407466474668)	(8, 36.12882735105471)	(9, 37.87854635716484)	(10, 37.90371896309408)	(12, 37.87855143209212)	(14, 39.29364141417762)	(16, 39.337484476159965)	(18, 39.38285871619968)	(20, 39.42430077370086)	(22, 39.403672160987)	(24, 39.40739780204095)	(26, 39.39323875494796)	(28, 39.3766162737129)	(30, 39.340479448518124)	(32, 39.32499608706996)	(34, 39.31962794177625)	(36, 39.29595449352991)	(38, 39.26142927996207)	(40, 39.21461311614148)	(42, 39.16992515932251)	(44, 39.11848243402534)	(46, 39.05092625075409)	(48, 38.982744602834984)	(50, 38.87603105955536)	(52, 38.72906533239437)	(54, 38.57321654214069)	(56, 38.35609504417492)	(58, 38.121506453333026)	(60, 37.75702868703085)	(62, 37.437025023264475)	(64, 37.1321753229681)	(66, 36.7536770474998)	(68, 36.359830037788925)	(70, 35.99049760216502)	(72, 35.61417574833308)	(74, 35.29302973479699)	(76, 35.00333360098012)	(78, 34.780707816873274)	(80, 34.604694180728984)	(82, 34.44795896302818)	(84, 34.338329440717146)	(86, 34.252204777515644)	(88, 34.216543132379044)	(90, 34.19323548440209)	(92, 34.16372106726432)	(94, 34.154182153100294)	(96, 34.16855179677755)	(98, 34.216878787319715)	(100, 34.29571021257349)
trim_paired_ERR1797974_pass_2	(1, 31.75943652518602)	(2, 31.87583006275752)	(3, 31.748996674794874)	(4, 35.35524233140226)	(5, 35.43498079703908)	(6, 35.68549145152667)	(7, 35.81354427201417)	(8, 35.96052246295726)	(9, 37.72338899454493)	(10, 37.71737991815834)	(12, 37.71462584373687)	(14, 39.11766923734557)	(16, 39.10725343244317)	(18, 39.12834499130052)	(20, 39.15561889906139)	(22, 39.109852882691605)	(24, 39.13410696706155)	(26, 39.09132589402698)	(28, 39.060735078243695)	(30, 39.04956850632243)	(32, 39.01260015832162)	(34, 38.954087817669304)	(36, 38.95457754815119)	(38, 38.97642853362554)	(40, 38.9376141204132)	(42, 38.87641319606756)	(44, 38.861086351820866)	(46, 38.77917122571013)	(48, 38.76137208633724)	(50, 38.71594713079587)	(52, 38.65138891081831)	(54, 38.49733693797114)	(56, 38.36722909908916)	(58, 38.22919181037261)	(60, 37.98353687861098)	(62, 37.757488269717484)	(64, 37.45353059968784)	(66, 37.10828282434326)	(68, 36.76656858794238)	(70, 36.35090466960979)	(72, 35.994619023308545)	(74, 35.68125345327434)	(76, 35.335895702197305)	(78, 35.038219153489294)	(80, 34.7949301136483)	(82, 34.568837860588275)	(84, 34.4236854940029)	(86, 34.29886806281098)	(88, 34.225142059508926)	(90, 34.168877637277674)	(92, 34.139997591026685)	(94, 34.114006863166935)	(96, 34.11038952040217)	(98, 34.152376947253586)	(100, 34.23444745697136)
