Sample	0	1	2	3	4	5	6	7	8	9	10	11	12	13	14	15	16	17	18	19	20	21	22	23	24	25	26	27	28	29	30	31	32	33	34	35	36	37	38	39	40	41	42	43	44	45	46	47	48
ERR1797969_1 - illumina_universal_adapter	(1, 0.030084008523918078)	(2, 0.03970719002791648)	(3, 0.0532089454874527)	(4, 0.07112518124429587)	(5, 0.11614902483551916)	(6, 0.20692539042511945)	(7, 0.34546296293440415)	(8, 0.4513449475675404)	(9, 0.5011225502911475)	(10, 0.5607353837906761)	(12, 0.6259521012309344)	(14, 0.6895823045730778)	(16, 0.7755682843378712)	(18, 0.8673836913598943)	(20, 0.98195198525926)	(22, 1.1089907040683542)	(24, 1.2854099151463634)	(26, 1.5233349814059776)	(28, 1.883577778593418)	(30, 2.3943485707570638)	(32, 2.8957891949560954)	(34, 3.4659896871571547)	(36, 4.273151385290905)	(38, 5.115721456394496)	(40, 5.899806410581058)	(42, 6.752701353506647)	(44, 8.008545816984977)	(46, 9.21432737508293)	(48, 10.512120967709599)	(50, 11.792060011640348)	(52, 13.16434073033162)	(54, 14.563815804286696)	(56, 15.941604020886006)	(58, 17.415140194641182)	(60, 19.70536678972207)	(62, 23.9240947655136)	(64, 27.412681194175136)	(66, 29.22078292600853)	(68, 31.06707858715657)	(70, 32.74807605767864)	(72, 34.10810418389406)	(74, 35.47765332241883)	(76, 36.84377111817976)	(78, 38.16372964288435)	(80, 39.458134302601565)	(82, 40.836957705191985)	(84, 42.365640183691724)	(86, 43.76712201484746)	(88, 45.064809582838166)
ERR1797969_1 - polya	(1, 0.00045879751561530836)	(2, 0.0005474726656922168)	(3, 0.0006207260505383584)	(4, 0.0006554250223075834)	(5, 0.0007325338484614167)	(6, 0.0008019317919998667)	(7, 0.0008944623833844668)	(8, 0.0010024147399998334)	(9, 0.0011604878336151918)	(10, 0.0013281995304997795)	(12, 0.0015942249807305044)	(14, 0.0019065157266535294)	(16, 0.0022650717682688544)	(18, 0.002606278323999567)	(20, 0.0029474848797302793)	(22, 0.0032867637148071465)	(24, 0.003610620784653246)	(26, 0.003957610502345496)	(28, 0.004300744778730055)	(30, 0.004684361188845375)	(32, 0.00502942318588378)	(34, 0.005318581283960655)	(36, 0.005704125414729822)	(38, 0.006118585355306676)	(40, 0.006438586983845084)	(42, 0.006762444053691185)	(44, 0.0071171446539988175)	(46, 0.007506544226075676)	(48, 0.00799040211019098)	(50, 0.008468476832344748)	(52, 0.008846310080498531)	(54, 0.0092067938427677)	(56, 0.009513301426729188)	(58, 0.00984101393788298)	(60, 0.010166798728382925)	(62, 0.01066029521576746)	(64, 0.020142753112035117)	(66, 0.03691777824180156)	(68, 0.06323309288745103)	(70, 0.16587072366016475)	(72, 0.27694598773476164)	(74, 0.32416743287136923)	(76, 0.36130304354705534)	(78, 0.39828443657043383)	(80, 0.4478846889938871)	(82, 0.502666654534878)	(84, 0.5709754359039052)	(86, 0.6495647515198921)	(88, 0.7601079646940276)
ERR1797969_2 - illumina_universal_adapter	(1, 0.02877315847930291)	(2, 0.036584282568686226)	(3, 0.04734481925845367)	(4, 0.06210344858429737)	(5, 0.102296424216983)	(6, 0.18706986769050737)	(7, 0.3197972901491007)	(8, 0.42136503595893)	(9, 0.46844382976715293)	(10, 0.5249684547792204)	(12, 0.5874863633040948)	(14, 0.6486433010473538)	(16, 0.7320519182979552)	(18, 0.8217082781876712)	(20, 0.9343989721701909)	(22, 1.0597547908484777)	(24, 1.234670379816487)	(26, 1.4707891718234478)	(28, 1.8303302786928883)	(30, 2.3386451547435345)	(32, 2.836328651388221)	(34, 3.4012876711314735)	(36, 4.200316315826648)	(38, 5.035424180279202)	(40, 5.813353922418035)	(42, 6.65878858641324)	(44, 7.903222871341456)	(46, 9.09011276703172)	(48, 10.355967883865471)	(50, 11.621514565394607)	(52, 12.983736437714112)	(54, 14.374218694818996)	(56, 15.74788930010169)	(58, 17.218616784864217)	(60, 19.496947415790224)	(62, 23.67541494572618)	(64, 27.1245447880448)	(66, 28.915501372382888)	(68, 30.742988263111354)	(70, 32.40659576561508)	(72, 33.75170526169039)	(74, 35.10516371591751)	(76, 36.457099270828095)	(78, 37.76587123257842)	(80, 39.0510421103637)	(82, 40.42124281846948)	(84, 41.941283325278036)	(86, 43.33297619095353)	(88, 44.620151898218815)
ERR1797969_2 - polya	(1, 4.62652956923e-05)	(2, 5.397617830768334e-05)	(3, 6.554250223075834e-05)	(4, 8.0964267461525e-05)	(5, 0.00013108500446151668)	(6, 0.00018120574146150836)	(7, 0.0002737363328461084)	(8, 0.0004163876612307001)	(9, 0.00053205090046145)	(10, 0.0007653050995767959)	(12, 0.0009696434888844543)	(14, 0.0011624155542690378)	(16, 0.0013262718098459333)	(18, 0.0015094052719612878)	(20, 0.001900732564691992)	(22, 0.0022207341932304002)	(24, 0.0026795317088457084)	(26, 0.0028915809807687504)	(28, 0.0030380877504610337)	(30, 0.003280980552845609)	(32, 0.003477608059537884)	(34, 0.0036221871085763213)	(36, 0.0037474889510763004)	(38, 0.0038438749837685924)	(40, 0.003946044178422421)	(42, 0.004096406389422396)	(44, 0.007200036642114188)	(46, 0.009532578633267647)	(48, 0.009796676362844526)	(50, 0.009970171221690652)	(52, 0.010151376963152159)	(54, 0.010263184761075218)	(56, 0.010357643073113664)	(58, 0.019745642657342872)	(60, 0.03713175523437845)	(62, 0.06378442099445095)	(64, 0.1654851795293956)	(66, 0.2769941807511078)	(68, 0.32590238145983047)	(70, 0.36429293828117026)	(72, 0.4035875960891637)	(74, 0.4557170180104627)	(76, 0.5133500823984917)	(78, 0.5844964685699798)	(80, 0.6662356797343508)	(82, 0.7823943431731393)	(84, 0.9376182656621135)	(86, 1.1771279182991892)	(88, 1.520293038214209)
ERR1797970_1 - illumina_universal_adapter	(1, 0.05846954199797405)	(2, 0.07227876151049883)	(3, 0.0912392178830519)	(4, 0.11848971141809947)	(5, 0.18981106374542978)	(6, 0.32164818554064334)	(7, 0.48996822903330206)	(8, 0.6154676774905217)	(9, 0.6770760197909619)	(10, 0.7507571041638664)	(12, 0.8302577345521089)	(14, 0.907103901048194)	(16, 1.0058540878368485)	(18, 1.1173584667636343)	(20, 1.2503388477599253)	(22, 1.4128130634165315)	(24, 1.6288533842349624)	(26, 1.905910706387759)	(28, 2.2937703073996842)	(30, 2.831096500087481)	(32, 3.3620418421603957)	(34, 3.9563132312447293)	(36, 4.72896872388244)	(38, 5.52257270490246)	(40, 6.2279561228757725)	(42, 6.992006196502415)	(44, 8.182311733931858)	(46, 9.31832841612983)	(48, 10.514006708622464)	(50, 11.657436741534813)	(52, 12.857417743532983)	(54, 14.025374346990619)	(56, 15.18076636287385)	(58, 16.43203633799623)	(60, 18.441103190688125)	(62, 22.30182193090284)	(64, 25.41378849441962)	(66, 26.894938046239485)	(68, 28.396322722736553)	(70, 29.80408216748428)	(72, 30.943569927289467)	(74, 32.08568586916609)	(76, 33.2334486479505)	(78, 34.33048751275607)	(80, 35.424081581775134)	(82, 36.59978193597899)	(84, 37.910133444067405)	(86, 39.119406946961035)	(88, 40.26086396604689)
ERR1797970_1 - polya	(1, 0.0005782000557174599)	(2, 0.0007246273425549985)	(3, 0.0008109818963309827)	(4, 0.0008748091752088841)	(5, 0.0009348819082704384)	(6, 0.0010400091911281584)	(7, 0.0011413819281695312)	(8, 0.001291563760823417)	(9, 0.0014830455974571212)	(10, 0.0016839137986316933)	(12, 0.001978645645214944)	(14, 0.0023146774957780135)	(16, 0.002688254804504554)	(18, 0.003024286655067623)	(20, 0.0034260230574167673)	(22, 0.0038671821908375565)	(24, 0.00423700495374775)	(26, 0.004618091354106985)	(28, 0.0049616322963027485)	(30, 0.005277014144875908)	(32, 0.005575500537275506)	(34, 0.005887127840032319)	(36, 0.006320777881820414)	(38, 0.00676005974233303)	(40, 0.007086705228355231)	(42, 0.007434000716367342)	(44, 0.0078113325709102295)	(46, 0.008186787152544943)	(48, 0.008612928102700344)	(50, 0.009080369056835564)	(52, 0.009508387279899139)	(54, 0.009912000955156455)	(56, 0.010270560080617608)	(58, 0.010736123761844654)	(60, 0.011203564715979872)	(62, 0.011751728405166556)	(64, 0.029411234652355338)	(66, 0.05772426465342914)	(68, 0.09585730923715889)	(70, 0.2328625633485743)	(72, 0.365794135249253)	(74, 0.4235446817233966)	(76, 0.46867995425461373)	(78, 0.5135749358535848)	(80, 0.5712090914074215)	(82, 0.6371651977631918)	(84, 0.7168178872569964)	(86, 0.817518560597243)	(88, 0.9534612782426323)
ERR1797970_2 - illumina_universal_adapter	(1, 0.05477506891468846)	(2, 0.06591105180597408)	(3, 0.08108692599564923)	(4, 0.10321997358301564)	(5, 0.16296230661273137)	(6, 0.28217289082756947)	(7, 0.44124924252038156)	(8, 0.5597351993926647)	(9, 0.6167329594306307)	(10, 0.6855275024235593)	(12, 0.7607441960353498)	(14, 0.8340441940078951)	(16, 0.9295598395757663)	(18, 1.037420431787787)	(20, 1.16732583976049)	(22, 1.3271775051643777)	(24, 1.5425007077318864)	(26, 1.8177708660761016)	(28, 2.213530031485621)	(30, 2.751699119709188)	(32, 3.278848615961776)	(34, 3.8671728044730154)	(36, 4.629938823430468)	(38, 5.414772185423502)	(40, 6.11288117087764)	(42, 6.868198170935461)	(44, 8.044771457041612)	(46, 9.160767023673912)	(48, 10.323771381199787)	(50, 11.451588135334855)	(52, 12.640106508955718)	(54, 13.797257529553907)	(56, 14.946285590278428)	(58, 16.191846778487054)	(60, 18.185122011475393)	(62, 21.998447119850358)	(64, 25.066340947301946)	(66, 26.529971788342735)	(68, 28.012722653953276)	(70, 29.402124246931972)	(72, 30.526648264386104)	(74, 31.653717863903722)	(76, 32.786730909448615)	(78, 33.87253617317167)	(80, 34.956584309452666)	(82, 36.12173438991259)	(84, 37.42237476524702)	(86, 38.62137770806004)	(88, 39.750949712364246)
ERR1797970_2 - polya	(1, 0.00010512728285771998)	(2, 0.00013140910357215)	(3, 0.00017270910755196855)	(4, 0.00022902729479717569)	(5, 0.0003379091234712428)	(6, 0.00047682731867608707)	(7, 0.0005744455099011128)	(8, 0.0007283818883713456)	(9, 0.0009799364580666042)	(10, 0.0014060774082220047)	(12, 0.0017702683524076774)	(14, 0.0020462274699091926)	(16, 0.0022865184021554096)	(18, 0.002530563880217974)	(20, 0.0030975002984863923)	(22, 0.0035668185255297853)	(24, 0.004206968587216973)	(26, 0.004475418613085794)	(28, 0.0046706549955358445)	(30, 0.004950368658853708)	(32, 0.0051775186807427095)	(34, 0.005329577786304768)	(36, 0.005506041439673084)	(38, 0.005659977818143317)	(40, 0.0058514596547770215)	(42, 0.006029800581053511)	(44, 0.009014664505049489)	(46, 0.01112284198092841)	(48, 0.011396923825521751)	(50, 0.011577142024706413)	(52, 0.011806169319503589)	(54, 0.01199577388322912)	(56, 0.012162851172056567)	(58, 0.03046438475384071)	(60, 0.059734823938083034)	(62, 0.09887596407350199)	(64, 0.23714837739793454)	(66, 0.37071259026866776)	(68, 0.4308097278780283)	(70, 0.47721215962226265)	(72, 0.5250056505914535)	(74, 0.58542567914102)	(76, 0.6550067994824734)	(78, 0.7391123803144657)	(80, 0.8438829813196327)	(82, 0.9862516041297)	(84, 1.1695541627024921)	(86, 1.4358791156392603)	(88, 1.8020956372928523)
ERR1797971_1 - illumina_universal_adapter	(1, 0.07444145816593241)	(2, 0.09265974914898306)	(3, 0.11765828679610346)	(4, 0.15349362894049773)	(5, 0.24930083233685077)	(6, 0.4287383217766709)	(7, 0.6544169485883813)	(8, 0.8251835456597276)	(9, 0.906934051778701)	(10, 1.005745643320271)	(12, 1.1132263162669962)	(14, 1.2153302391214076)	(16, 1.3482640015081704)	(18, 1.4858935917795304)	(20, 1.649539481082949)	(22, 1.8433795617939621)	(24, 2.0992433251966753)	(26, 2.4273264947736504)	(28, 2.912398452495625)	(30, 3.574131692890321)	(32, 4.218365594739369)	(34, 4.9361372840584705)	(36, 5.866881881547425)	(38, 6.812503542696992)	(40, 7.649856761856332)	(42, 8.55346588498246)	(44, 10.014752107191644)	(46, 11.3841717821853)	(48, 12.778173473262846)	(50, 14.098961539304334)	(52, 15.480782691102355)	(54, 16.795478676540764)	(56, 18.083136979635537)	(58, 19.492301866578003)	(60, 21.776156603415153)	(62, 26.134064165690106)	(64, 29.62105773658923)	(66, 31.21100565871708)	(68, 32.80040485895946)	(70, 34.271977352817125)	(72, 35.44271443118638)	(74, 36.60274147249065)	(76, 37.76409232798067)	(78, 38.86886144555076)	(80, 39.968320818671316)	(82, 41.15435329322774)	(84, 42.48057062729777)	(86, 43.69144408569261)	(88, 44.826503375726176)
ERR1797971_1 - polya	(1, 0.00032235147067425604)	(2, 0.0004056557833204121)	(3, 0.0004744723894194106)	(4, 0.0005360451422448302)	(5, 0.0006193494548909864)	(6, 0.0006881660609899848)	(7, 0.0007787142269097197)	(8, 0.0008801281727398226)	(9, 0.0010612245045792923)	(10, 0.001200668680095684)	(12, 0.0014252281315766265)	(14, 0.001733091895703725)	(16, 0.0019920596502341664)	(18, 0.0022854357078141074)	(20, 0.0026258968116723105)	(22, 0.00298808947535125)	(24, 0.003339416359119821)	(26, 0.003687121316251603)	(28, 0.003966009667284387)	(30, 0.004264818614819511)	(32, 0.004590792012130557)	(34, 0.004907710592849629)	(36, 0.005269903256528569)	(38, 0.005666504223257007)	(40, 0.005990666657249658)	(42, 0.006267744044964046)	(44, 0.006611827075459039)	(46, 0.006879849646581454)	(48, 0.007316291806314575)	(50, 0.007765410709276461)	(52, 0.008156578786049716)	(54, 0.008527826266320628)	(56, 0.008803092690716621)	(58, 0.009192449804171481)	(60, 0.009603538477447077)	(62, 0.010141394583010303)	(64, 0.032061294588859715)	(66, 0.0685685041243784)	(68, 0.12072062576750889)	(70, 0.30467103579676863)	(72, 0.48187741842832654)	(74, 0.5581117302794696)	(76, 0.618357046992506)	(78, 0.6767135289644568)	(80, 0.7523828202602607)	(82, 0.8328728959096314)	(84, 0.9296525866079625)	(86, 1.0473507145970706)	(88, 1.205476787706022)
ERR1797971_2 - illumina_universal_adapter	(1, 0.07084850694223734)	(2, 0.086194610102314)	(3, 0.10691565239138612)	(4, 0.13720220292821902)	(5, 0.22080351355859182)	(6, 0.38702459270076744)	(7, 0.6021634129994207)	(8, 0.7656752910172778)	(9, 0.8427752433346137)	(10, 0.9363350412528388)	(12, 1.0393697992529054)	(14, 1.1380962755185107)	(16, 1.2672885876894697)	(18, 1.4013958543065521)	(20, 1.5618508262429591)	(22, 1.7528060423877698)	(24, 2.006739318893074)	(26, 2.332573272028603)	(28, 2.8235417263152707)	(30, 3.4848240368436865)	(32, 4.123628670664187)	(34, 4.833598730007644)	(36, 5.752780326708649)	(38, 6.688014302263904)	(40, 7.51651553272293)	(42, 8.410461355582104)	(44, 9.854135959519898)	(46, 11.202001549098021)	(48, 12.563404089481146)	(50, 13.867603731526138)	(52, 15.236715542755666)	(54, 16.53872754111204)	(56, 17.818662085653855)	(58, 19.220775081434493)	(60, 21.486360820315674)	(62, 25.79155305135548)	(64, 29.23001280532162)	(66, 30.80178408862275)	(68, 32.37148544085095)	(70, 33.823892509910046)	(72, 34.97928710704586)	(74, 36.12410930032888)	(76, 37.27096520541848)	(78, 38.364500917524566)	(80, 39.45444548937028)	(82, 40.63128008123257)	(84, 41.94754073897806)	(86, 43.14786533604325)	(88, 44.27082376918331)
ERR1797971_2 - polya	(1, 7.606045937257728e-05)	(2, 9.417009255652424e-05)	(3, 0.0001159016523772606)	(4, 0.00015574284538194395)	(5, 0.00021731559820736362)	(6, 0.0003042418374903091)	(7, 0.0004744723894194106)	(8, 0.0006773002810796167)	(9, 0.0009453228522020318)	(10, 0.0011861809735485265)	(12, 0.0014632583612629152)	(14, 0.0016823849227886735)	(16, 0.0018417496948074067)	(18, 0.0020500104764227967)	(20, 0.002544403462344549)	(22, 0.0029011632360683047)	(24, 0.00349697016782016)	(26, 0.0037903462254001005)	(28, 0.0039678206306027804)	(30, 0.004203245861994092)	(32, 0.004386153157151957)	(34, 0.004512920589439584)	(36, 0.0046686634348215295)	(38, 0.004802674720382736)	(40, 0.004934875042625549)	(42, 0.005059831511594783)	(44, 0.007698405066495857)	(46, 0.009485825861751424)	(48, 0.009675977010182866)	(50, 0.009811799259062469)	(52, 0.009951243434578861)	(54, 0.010099742426687226)	(56, 0.010237375638885222)	(58, 0.03296134335810188)	(60, 0.07077606840950154)	(62, 0.12327770597308221)	(64, 0.30578840016421815)	(66, 0.48190639384142087)	(68, 0.5600675706633359)	(70, 0.62177071284768)	(72, 0.6829740291561472)	(74, 0.762533269659863)	(76, 0.8463935480447662)	(78, 0.9474615998810559)	(80, 1.069973268370457)	(82, 1.235888294711824)	(84, 1.4486293995769226)	(86, 1.7698218537274062)	(88, 2.211149992493557)
ERR1797972_1 - illumina_universal_adapter	(1, 0.044813515948441594)	(2, 0.05568914878471358)	(3, 0.06957450683713554)	(4, 0.09134792999593336)	(5, 0.15080015852942832)	(6, 0.26377748802350937)	(7, 0.39730219310367443)	(8, 0.49711058993420854)	(9, 0.5490366589701408)	(10, 0.6181218546525034)	(12, 0.6973053246950649)	(14, 0.7732851915167553)	(16, 0.8677167050163515)	(18, 0.9776418407789627)	(20, 1.1144938617115832)	(22, 1.3055135507061517)	(24, 1.5861713503407304)	(26, 1.950357333780816)	(28, 2.444290170894783)	(30, 3.0145813985539434)	(32, 3.6447753903004276)	(34, 4.353933123684122)	(36, 5.224526608999101)	(38, 6.181024668520313)	(40, 7.130454489926542)	(42, 8.101569104546554)	(44, 9.306928970928048)	(46, 10.580515430399569)	(48, 11.841736166084244)	(50, 13.079488430911702)	(52, 14.497242574693994)	(54, 15.930464490338672)	(56, 17.37598750376862)	(58, 18.835608217827588)	(60, 20.47243342820184)	(62, 22.499740018827957)	(64, 24.35297185807214)	(66, 25.941844575278655)	(68, 27.555072062792544)	(70, 29.175020654470103)	(72, 30.792853206210417)	(74, 32.4478844844566)	(76, 34.119472944305976)	(78, 35.72452431939219)	(80, 37.37372448583922)	(82, 39.08000233687622)	(84, 40.846622408811236)	(86, 42.444300880346475)	(88, 43.96883010392895)
ERR1797972_1 - polya	(1, 0.00021788194816300407)	(2, 0.00024003943441686888)	(3, 0.0003138977219297516)	(4, 0.0003323622938079723)	(5, 0.000406220581320855)	(6, 0.00044684263945294055)	(7, 0.0005428584132196881)	(8, 0.0006647245876159446)	(9, 0.0008161340770173542)	(10, 0.0009398467086014328)	(12, 0.0010709451689367997)	(14, 0.0012574373449068285)	(16, 0.0014679334643185444)	(18, 0.0017522878712431427)	(20, 0.002032949363792097)	(22, 0.0022969927416506527)	(24, 0.0027475282954792374)	(26, 0.003151902419612271)	(28, 0.0034990363709228194)	(30, 0.0038277057503551476)	(32, 0.004121292443218856)	(34, 0.004333635019818394)	(36, 0.004603217769240416)	(38, 0.004917115491170168)	(40, 0.005164540754338325)	(42, 0.005384269159689151)	(44, 0.005639080251608596)	(46, 0.005849576371020312)	(48, 0.006170859921701352)	(50, 0.006560462388331809)	(52, 0.006889131767764137)	(54, 0.007188257832191312)	(56, 0.007529852411938395)	(58, 0.00798962025170609)	(60, 0.008488163692418048)	(62, 0.008964549646876142)	(64, 0.02263941157988638)	(66, 0.044728578917801784)	(68, 0.07631038265831044)	(70, 0.19031249589163274)	(72, 0.2982268397767057)	(74, 0.3515802202188244)	(76, 0.3966817834885662)	(78, 0.4414528309216879)	(80, 0.4965566527778619)	(82, 0.5617882923092399)	(84, 0.6451189051956498)	(86, 0.7642541694111176)	(88, 0.9423745084915611)
ERR1797972_2 - illumina_universal_adapter	(1, 0.04151574341099138)	(2, 0.050652013576334975)	(3, 0.06197818196643554)	(4, 0.0796783205688979)	(5, 0.12842109741302485)	(6, 0.22964757336380628)	(7, 0.35636623724965916)	(8, 0.4514920186518765)	(9, 0.5002126380097496)	(10, 0.5660056005262255)	(12, 0.6419171484319663)	(14, 0.7148817506659433)	(16, 0.8060653459721605)	(18, 0.9128330399435959)	(20, 1.0470612452123214)	(22, 1.235017661732293)	(24, 1.5130165630164079)	(26, 1.874809537941076)	(28, 2.376117125063204)	(30, 2.946838577247127)	(32, 3.5725290599125135)	(34, 4.275203882109765)	(36, 5.136094234902738)	(38, 6.081690811187049)	(40, 7.019936641406639)	(42, 7.980288257078837)	(44, 9.171083269162791)	(46, 10.429242578830058)	(48, 11.675292822259587)	(50, 12.90012173322948)	(52, 14.303789255125876)	(54, 15.725151376253173)	(56, 17.160904784702353)	(58, 18.615239091832585)	(60, 20.241293917430276)	(62, 22.24870862477198)	(64, 24.081516801061667)	(66, 25.653346718424586)	(68, 27.247007299119122)	(70, 28.846787038934103)	(72, 30.441767836517933)	(74, 32.07582705402483)	(76, 33.728947249081614)	(78, 35.31554513103273)	(80, 36.94936061619083)	(82, 38.64061015217614)	(84, 40.395331653992834)	(86, 41.98007938584175)	(88, 43.489343947852504)
ERR1797972_2 - polya	(1, 0.00010709451689367996)	(2, 0.00013294491752318893)	(3, 0.0001920315475334951)	(4, 0.00024003943441686888)	(5, 0.0002806614925489544)	(6, 0.0003655985231887695)	(7, 0.00048007886883373775)	(8, 0.0006979608169967418)	(9, 0.0008752207070276604)	(10, 0.0011429569992618604)	(12, 0.0014642405499429001)	(14, 0.0017375162137405662)	(16, 0.0019960202200356558)	(18, 0.0022766817125846103)	(20, 0.0035285796859279724)	(22, 0.004381642906701768)	(24, 0.006379509583925246)	(26, 0.006911289254018002)	(28, 0.007171639717500913)	(30, 0.007382135836912629)	(32, 0.007574167384446124)	(34, 0.0077200375022840675)	(36, 0.007904683221066276)	(38, 0.008021010023899065)	(40, 0.008189037627990874)	(42, 0.00840138020459041)	(44, 0.00907902999252111)	(46, 0.009599730919486932)	(48, 0.009778837266705673)	(50, 0.009943171956421838)	(52, 0.010148128704270088)	(54, 0.010323542137113183)	(56, 0.010511880770271036)	(58, 0.02396147492636698)	(60, 0.04606356746459714)	(62, 0.07655596146429078)	(64, 0.1867119043753797)	(66, 0.2918805664221613)	(68, 0.3450326830308073)	(70, 0.3907195732290888)	(72, 0.43529674265748913)	(74, 0.49134779705101583)	(76, 0.5577057754669653)	(78, 0.64266865650741)	(80, 0.7631702990418661)	(82, 0.9440547845324793)	(84, 1.1803403714865057)	(86, 1.5059243209579833)	(88, 1.886569623770315)
ERR1797973_1 - illumina_universal_adapter	(1, 0.035139149696868995)	(2, 0.04325492812275866)	(3, 0.05375033293895549)	(4, 0.07126354821498797)	(5, 0.1206846310368408)	(6, 0.20661419242577445)	(7, 0.3067129677948879)	(8, 0.3781894299500612)	(9, 0.41454344154092915)	(10, 0.46329447166866916)	(12, 0.5217957078219572)	(14, 0.581726807201)	(16, 0.6588601005120789)	(18, 0.7401994878376043)	(20, 0.8384133486186061)	(22, 0.9771810528302107)	(24, 1.1820126128548252)	(26, 1.4560286790902648)	(28, 1.8225203666795529)	(30, 2.2526670602095575)	(32, 2.7306525937510178)	(34, 3.2888670223025267)	(36, 3.978672702846451)	(38, 4.760947742569512)	(40, 5.530859162020829)	(42, 6.323066010836067)	(44, 7.3493091151380145)	(46, 8.43842445354176)	(48, 9.531345106778428)	(50, 10.594246981840527)	(52, 11.793873004766768)	(54, 12.986207768937442)	(56, 14.205526243939257)	(58, 15.450338032190917)	(60, 16.86423271243175)	(62, 18.61290951491525)	(64, 20.17990601728193)	(66, 21.51381393993489)	(68, 22.88221183350631)	(70, 24.26593118120479)	(72, 25.671090127723318)	(74, 27.113909792955806)	(76, 28.614450009894234)	(78, 30.046578055502906)	(80, 31.53080321992674)	(82, 33.051916768183474)	(84, 34.664948604244756)	(86, 36.135668345207804)	(88, 37.54978637634668)
ERR1797973_1 - polya	(1, 0.00019204002448092834)	(2, 0.0002504869884533848)	(3, 0.0003089339524258412)	(4, 0.00037990526582096695)	(5, 0.00045505136235698236)	(6, 0.000509323543188549)	(7, 0.0005886444228654543)	(8, 0.0006721400856832492)	(9, 0.0007890340136281621)	(10, 0.0009038405500026301)	(12, 0.0010311714357997674)	(14, 0.0012232114602806956)	(16, 0.0014027271353389548)	(18, 0.0016260780333765563)	(20, 0.0018556911061254923)	(22, 0.002074867221022204)	(24, 0.0024652094446953954)	(26, 0.0028033668791074646)	(28, 0.0030225429940041763)	(30, 0.003193709102780656)	(32, 0.003427496958670482)	(34, 0.00361953698315141)	(36, 0.0038595870137525705)	(38, 0.004135122701051294)	(40, 0.0043856096895046786)	(42, 0.0045985236296900555)	(44, 0.004838573660291216)	(46, 0.005024351510060809)	(48, 0.005329110679345762)	(50, 0.00568814202946228)	(52, 0.005957415542049668)	(54, 0.00617659165694638)	(56, 0.006460476910526883)	(58, 0.006844556959488739)	(60, 0.007184801785471253)	(62, 0.007639853147828236)	(64, 0.018087247957904826)	(66, 0.03467157398508934)	(68, 0.059354979305599964)	(70, 0.1437022978841364)	(72, 0.21921160055340927)	(74, 0.2561166835188746)	(76, 0.28863615679483534)	(78, 0.322934087688815)	(80, 0.3666044067340922)	(82, 0.4136938731717581)	(84, 0.47177345622781625)	(86, 0.5559370843481535)	(88, 0.6817859221302749)
ERR1797973_2 - illumina_universal_adapter	(1, 0.03237544325759999)	(2, 0.03913859194584137)	(3, 0.047813791312610265)	(4, 0.061824363533436254)	(5, 0.10276228701300111)	(6, 0.1798830559746574)	(7, 0.27416218364537054)	(8, 0.34166007746727595)	(9, 0.3755760157038643)	(10, 0.42168232071185063)	(12, 0.47745742347413767)	(14, 0.5347834581732651)	(16, 0.6091718315692092)	(18, 0.6878560568171286)	(20, 0.783548348581033)	(22, 0.9194667632989805)	(24, 1.1226638957239365)	(26, 1.3940686351047495)	(28, 1.763728983097973)	(30, 2.1921807146727765)	(32, 2.6651836445355848)	(34, 3.216551428736034)	(36, 3.896608990645981)	(38, 4.668294692932175)	(40, 5.427886048459213)	(42, 6.209163315011601)	(44, 7.220911572248379)	(46, 8.294747204356469)	(48, 9.371283921156715)	(50, 10.420887024523513)	(52, 11.606567184367607)	(54, 12.786818038736978)	(56, 13.99481241446913)	(58, 15.232172214814302)	(60, 16.6331730773245)	(62, 18.360548048831603)	(64, 19.90545786099141)	(66, 21.22220325015217)	(68, 22.57127607256441)	(70, 23.934079756727037)	(72, 25.315509235872746)	(74, 26.737273382334156)	(76, 28.215954434746884)	(78, 29.62716264203656)	(80, 31.09438391472755)	(82, 32.59881085477015)	(84, 34.195719678341305)	(86, 35.650525145971294)	(88, 37.04672918265261)
ERR1797973_2 - polya	(1, 0.00014611740993114114)	(2, 0.00015864175935381036)	(3, 0.00020038959076270783)	(4, 0.0002504869884533848)	(5, 0.0003381574344120695)	(6, 0.00048010006120232084)	(7, 0.0006053435554290133)	(8, 0.0007514609653601544)	(9, 0.0009643749055455314)	(10, 0.0011981627614353573)	(12, 0.001446562358318297)	(14, 0.0016845249973490126)	(16, 0.0019204002448092834)	(18, 0.0022648198539326875)	(20, 0.0037614796099416613)	(22, 0.00484901061814344)	(24, 0.00717436482761903)	(26, 0.007714999244364251)	(28, 0.007975923190669861)	(30, 0.008105341468037442)	(32, 0.008301556275659261)	(34, 0.008466460209724407)	(36, 0.00864806327635311)	(38, 0.008781656336861583)	(40, 0.008927773746792723)	(42, 0.009082240723005643)	(44, 0.00981700255580224)	(46, 0.010384773062963244)	(48, 0.010574725695873727)	(50, 0.010823125292756669)	(52, 0.011008903142526262)	(54, 0.01118006925130274)	(56, 0.011363759709501889)	(58, 0.022299604147062578)	(60, 0.03972514897713639)	(62, 0.06454632214129637)	(64, 0.1501398134873884)	(66, 0.22617305144084293)	(68, 0.26423246194476424)	(70, 0.29792087450017407)	(72, 0.33327293813722847)	(74, 0.37910579484948653)	(76, 0.42849556679778267)	(78, 0.4896185667635494)	(80, 0.5780383862960239)	(82, 0.7121595568718183)	(84, 0.8919319810932421)	(86, 1.136728740125594)	(88, 1.4261017461447967)
ERR1797974_1 - illumina_universal_adapter	(1, 0.11253356633213249)	(2, 0.13186216266769396)	(3, 0.15370795153582523)	(4, 0.18977049959645315)	(5, 0.2816716929479496)	(6, 0.4487014018869133)	(7, 0.6651369307557339)	(8, 0.8080962550328252)	(9, 0.8709227989098361)	(10, 0.9425982426898039)	(12, 1.017449221664706)	(14, 1.0903101125262515)	(16, 1.180698838911597)	(18, 1.2822191500520845)	(20, 1.3971580336931169)	(22, 1.5645685486818797)	(24, 1.8102788115598258)	(26, 2.1144202128925267)	(28, 2.5069817669633068)	(30, 2.9577399518084566)	(32, 3.463467597514425)	(34, 4.058495337621569)	(36, 4.81929419040139)	(38, 5.673291558837955)	(40, 6.509879421314218)	(42, 7.377286756464892)	(44, 8.488915553440062)	(46, 9.665132929065042)	(48, 10.852748668824683)	(50, 12.024592153493494)	(52, 13.348884993431849)	(54, 14.677252673247713)	(56, 16.034372285546706)	(58, 17.40452751284984)	(60, 18.94265263126008)	(62, 20.792752568106515)	(64, 22.48537737040471)	(66, 23.978881486143585)	(68, 25.489485299531065)	(70, 27.006343368211006)	(72, 28.518382196486712)	(74, 30.078701638115753)	(76, 31.668362508598797)	(78, 33.19209014630138)	(80, 34.77995240741927)	(82, 36.40499812028109)	(84, 38.08233044008227)	(86, 39.6491709163833)	(88, 41.147677145488174)
ERR1797974_1 - polya	(1, 0.00015490415585044814)	(2, 0.00018932730159499216)	(3, 0.00027538516595635224)	(4, 0.0003098083117008963)	(5, 0.00045180378789714035)	(6, 0.0005163471861681604)	(7, 0.0006282224098379285)	(8, 0.0007831265656883767)	(9, 0.0009939683333737089)	(10, 0.001200507207840973)	(12, 0.0014199547619624412)	(14, 0.0016630682287832833)	(16, 0.0018825157829047514)	(18, 0.002179415414951444)	(20, 0.0024698607071710343)	(22, 0.0027517002129544884)	(24, 0.003349802370265941)	(26, 0.003872603896261203)	(28, 0.004182412207962099)	(30, 0.004530946558625608)	(32, 0.004853663549980708)	(34, 0.005135503055764162)	(36, 0.0054904917462547725)	(38, 0.005856237669790553)	(40, 0.006217680700108265)	(42, 0.006518883225373025)	(44, 0.006744785119321596)	(46, 0.006951323993788859)	(48, 0.007319221363933674)	(50, 0.007768873705221781)	(52, 0.008158285541456936)	(54, 0.008465942406548797)	(56, 0.008823082543648442)	(58, 0.009246917525628139)	(60, 0.009724538672833688)	(62, 0.010292520577618664)	(64, 0.0435517337066753)	(66, 0.09132245421366628)	(68, 0.13932122806121486)	(70, 0.3097437683026253)	(72, 0.46490824919276647)	(74, 0.521187941038487)	(76, 0.5625344419709024)	(78, 0.6039089117092353)	(80, 0.6554511181218629)	(82, 0.7147320779871857)	(84, 0.7833180444365806)	(86, 0.8866713880879651)	(88, 1.0414055796562995)
ERR1797974_2 - illumina_universal_adapter	(1, 0.10625134223375321)	(2, 0.12268839432677299)	(3, 0.14049376646313838)	(4, 0.16941351178177344)	(5, 0.24327267386991072)	(6, 0.39152885969844375)	(7, 0.5956107821381911)	(8, 0.7304677584856604)	(9, 0.788079195782373)	(10, 0.8541436668059801)	(12, 0.9237558732878841)	(14, 0.9919933053866157)	(16, 1.077248680162806)	(18, 1.1738206641025153)	(20, 1.2846309217008116)	(22, 1.4482742536771558)	(24, 1.6924268692101614)	(26, 1.995494698684954)	(28, 2.4026107890658492)	(30, 2.858117216577137)	(32, 3.362334546763564)	(34, 3.953102422584819)	(36, 4.704800656208428)	(38, 5.55007390864536)	(40, 6.379013378426507)	(42, 7.237987042869769)	(44, 8.337214901590466)	(46, 9.50119484890326)	(48, 10.676588220476978)	(50, 11.837321634856739)	(52, 13.14941792396848)	(54, 14.467516749119422)	(56, 15.817986239949892)	(58, 17.184940114698783)	(60, 18.71510057776238)	(62, 20.549772490975435)	(64, 22.22461773849657)	(66, 23.70372867642101)	(68, 25.197527540345327)	(70, 26.695984286178202)	(72, 28.18838470980664)	(74, 29.731006351629766)	(76, 31.302990936772986)	(78, 32.81104958882198)	(80, 34.38482202609731)	(82, 35.99732480522846)	(84, 37.66320712617636)	(86, 39.21778220535928)	(88, 40.701120735870475)
ERR1797974_2 - polya	(1, 8.175497114329206e-05)	(2, 0.0001204810101059041)	(3, 0.00017641862194078814)	(4, 0.0002151446609034002)	(5, 0.00029689963204669226)	(6, 0.0003786546031899843)	(7, 0.0005034385065139564)	(8, 0.0006841600216728126)	(9, 0.0008993046825762127)	(10, 0.001120903683306715)	(12, 0.001344654130646251)	(14, 0.0015425872186773794)	(16, 0.0017190058406181675)	(18, 0.0019814823269203156)	(20, 0.003719851187019789)	(22, 0.00479557449153679)	(24, 0.0072181033733090755)	(26, 0.0077624193653946785)	(28, 0.007962503900034841)	(30, 0.008141073968584663)	(32, 0.008351915736269994)	(34, 0.008496062659075272)	(36, 0.00864020958188055)	(38, 0.008782205058076795)	(40, 0.008900534621573666)	(42, 0.009033924311333773)	(44, 0.00971378143978852)	(46, 0.010219371392911509)	(48, 0.010365669762325821)	(50, 0.010533482597830473)	(52, 0.010707749773162226)	(54, 0.010875562608666879)	(56, 0.011045526890780564)	(58, 0.04336240640508031)	(60, 0.08933882044013693)	(62, 0.13461171143403944)	(64, 0.2938790010076085)	(66, 0.43824967426022615)	(68, 0.49275442265349356)	(70, 0.5332554050685587)	(72, 0.5737628418234508)	(74, 0.6241690844265084)	(76, 0.6811888739057366)	(78, 0.748542061448155)	(80, 0.8505787197748107)	(82, 1.004734172205315)	(84, 1.1967443277217726)	(86, 1.4544037250662936)	(88, 1.7502728141872586)
trim_paired_ERR1797969_pass_1 - illumina_universal_adapter	(1, 0.0031750736368433403)	(2, 0.004651674147471689)	(3, 0.0063960519527735725)	(4, 0.008897856963009168)	(5, 0.014345212214653645)	(6, 0.026915443504614146)	(7, 0.04515490266180577)	(8, 0.05913287744376428)	(9, 0.06642407063873224)	(10, 0.07513830888539384)	(12, 0.08451816497881537)	(14, 0.09392862419162817)	(16, 0.10526707992609041)	(18, 0.11752362924229048)	(20, 0.13242734838583464)	(22, 0.1491366515734632)	(24, 0.17124740533364935)	(26, 0.20012144847930424)	(28, 0.2440790040949269)	(30, 0.30365562676986446)	(32, 0.3608528569121315)	(34, 0.4248937096282693)	(36, 0.511840997208766)	(38, 0.5976291916423186)	(40, 0.676229478408849)	(42, 0.7607935480667511)	(44, 0.8804517448865821)	(46, 0.9961736154747122)	(48, 1.1182035540473658)	(50, 1.2357845641385148)	(52, 1.3598916894398503)	(54, 1.4788957445826931)	(56, 1.589824401596167)	(58, 1.7109898020460172)	(60, 1.8977376873513405)	(62, 2.2346130002204188)	(64, 2.5091574096693465)	(66, 2.644151594694123)	(68, 2.7674821658409052)	(70, 2.8619233922823373)	(72, 2.9191320985943756)	(74, 2.9632158920774874)	(76, 2.997154751482396)	(78, 3.023381624800707)	(80, 3.048877848643551)	(82, 3.056999151452007)	(84, 3.0577336263173978)	(86, 3.058054959071006)	(88, 3.058338037925375)
trim_paired_ERR1797969_pass_2 - illumina_universal_adapter	(1, 0.0028613916630829137)	(2, 0.003557612629234104)	(3, 0.004360944513254708)	(4, 0.005630973967992044)	(5, 0.009104428018900181)	(6, 0.018392474754147927)	(7, 0.03271473462925813)	(8, 0.04378541306904683)	(9, 0.04876607074997458)	(10, 0.0551353449732808)	(12, 0.06269049007299839)	(14, 0.07011557191530311)	(16, 0.07948395183895292)	(18, 0.08996169484053594)	(20, 0.10365659076812528)	(22, 0.1183843419751697)	(24, 0.13885400345799948)	(26, 0.16492403578943005)	(28, 0.20454359923134147)	(30, 0.2591166118858078)	(32, 0.3110692324423975)	(34, 0.3683429703831426)	(36, 0.44666782907515157)	(38, 0.5250194654966278)	(40, 0.5971739702413736)	(42, 0.6734751976636355)	(44, 0.7819976844149712)	(46, 0.88452195976562)	(48, 0.9907186094432199)	(50, 1.0924931083687826)	(52, 1.1988006943541758)	(54, 1.3041863613679074)	(56, 1.4022502320672796)	(58, 1.507777438508196)	(60, 1.6655900744290815)	(62, 1.940222467846259)	(64, 2.1611157836123818)	(66, 2.2732341368921904)	(68, 2.3759496817390344)	(70, 2.455085523094912)	(72, 2.5018662164743786)	(74, 2.5427481585911793)	(76, 2.5779417458911293)	(78, 2.601991972342737)	(80, 2.6205183357442214)	(82, 2.6280811316237873)	(84, 2.6305829366340223)	(86, 2.6324497269168896)	(88, 2.634305041029985)
trim_paired_ERR1797970_pass_1 - illumina_universal_adapter	(1, 0.004784673038381041)	(2, 0.0065678655505515)	(3, 0.009147369222737012)	(4, 0.012250940923308497)	(5, 0.019240783327885067)	(6, 0.03395552459243672)	(7, 0.053400490269043595)	(8, 0.06801314035923434)	(9, 0.07573123314091869)	(10, 0.08516445765186623)	(12, 0.09522384136556067)	(14, 0.10461282636761848)	(16, 0.116302265831942)	(18, 0.1292338145843232)	(20, 0.14399960143605528)	(22, 0.16131086156851926)	(24, 0.18379474120193573)	(26, 0.21320380549616685)	(28, 0.2522638888066488)	(30, 0.30515392320388784)	(32, 0.3564751565551144)	(34, 0.4138231722327796)	(36, 0.4846063864563398)	(38, 0.5520614283957346)	(40, 0.6094706987780163)	(42, 0.6724065047323684)	(44, 0.7679230074644303)	(46, 0.8586718523538379)	(48, 0.9518198398407269)	(50, 1.040101481349746)	(52, 1.1310068660398405)	(54, 1.215004081264847)	(56, 1.2931378600423922)	(58, 1.380150167950191)	(60, 1.5176601737360382)	(62, 1.7755935257588624)	(64, 1.9794661979184425)	(66, 2.071457152095908)	(68, 2.1553216487942457)	(70, 2.2239337240430634)	(72, 2.2657502690612903)	(74, 2.298518132991995)	(76, 2.3261031683043116)	(78, 2.3462151296534093)	(80, 2.3662862545327634)	(82, 2.3730480933146003)	(84, 2.3737559254568357)	(86, 2.3740792141756453)	(88, 2.3743412481898383)
trim_paired_ERR1797970_pass_2 - illumina_universal_adapter	(1, 0.004036004426401077)	(2, 0.0048663459778697645)	(3, 0.006023379287293344)	(4, 0.007568359059288361)	(5, 0.011461435841584171)	(6, 0.021200933875614426)	(7, 0.034969630257755034)	(8, 0.045063044362903086)	(9, 0.04975243230521395)	(10, 0.0559902030586652)	(12, 0.06309574879418411)	(14, 0.07015705502081332)	(16, 0.07960729472748769)	(18, 0.09010907353007935)	(20, 0.10281261865972119)	(22, 0.11799357628718765)	(24, 0.1378775340135464)	(26, 0.16296133555402054)	(28, 0.1983767639398182)	(30, 0.24519577650172886)	(32, 0.2891324149075166)	(34, 0.33769718655099873)	(36, 0.39748518129588956)	(38, 0.4552041282403994)	(40, 0.5052288036772424)	(42, 0.5585850544373963)	(44, 0.6403600851004805)	(46, 0.7157952538357526)	(48, 0.7921526461794182)	(50, 0.8634224950007654)	(52, 0.9371663532807918)	(54, 1.0066223822376603)	(56, 1.070313662882283)	(58, 1.1393375058676902)	(60, 1.2465978966904014)	(62, 1.4398224593641396)	(64, 1.5910705341798188)	(66, 1.6614794140973892)	(68, 1.725875123845102)	(70, 1.7765838101501632)	(72, 1.807299641476214)	(74, 1.8344320725821968)	(76, 1.8589611787419766)	(78, 1.875983180547085)	(80, 1.889523873306486)	(82, 1.8948666447647067)	(84, 1.8959590203303684)	(86, 1.8968710348213258)	(88, 1.897762631077411)
trim_paired_ERR1797971_pass_1 - illumina_universal_adapter	(1, 0.006945107296565342)	(2, 0.009231650314203777)	(3, 0.012679272808088522)	(4, 0.017195373347598703)	(5, 0.02796563204750311)	(6, 0.04843054821471565)	(7, 0.0756553688172518)	(8, 0.09506605331278056)	(9, 0.10565110915144323)	(10, 0.11891804488462573)	(12, 0.13278332832335848)	(14, 0.14588999234969718)	(16, 0.16148264862885775)	(18, 0.17822926119729376)	(20, 0.19760432975796835)	(22, 0.22014921652066508)	(24, 0.24881292089131016)	(26, 0.285532949725971)	(28, 0.3385472687564198)	(30, 0.40926270740939663)	(32, 0.47732119732225153)	(34, 0.551779870728403)	(36, 0.6437188449609863)	(38, 0.7306217260051886)	(40, 0.8055861456862692)	(42, 0.886053227302321)	(44, 1.0136758066653084)	(46, 1.1340113657571307)	(48, 1.253784193078257)	(50, 1.3655826125855317)	(52, 1.4793007309814468)	(54, 1.5816680509393346)	(56, 1.6774571077296552)	(58, 1.7831010936941274)	(60, 1.9539721027505474)	(62, 2.2690377856576056)	(64, 2.5186164491482805)	(66, 2.626226434716704)	(68, 2.7250250380022027)	(70, 2.8041493988742516)	(72, 2.8516468095957874)	(74, 2.88803917182979)	(76, 2.9172193072558206)	(78, 2.939290502084957)	(80, 2.9600795232593424)	(82, 2.9669142211578596)	(84, 2.96747339133507)	(86, 2.967754757220418)	(88, 2.9680183151383392)
trim_paired_ERR1797971_pass_2 - illumina_universal_adapter	(1, 0.006083201673094156)	(2, 0.007279897084194646)	(3, 0.009003708331137018)	(4, 0.011432715088192177)	(5, 0.018370699197786684)	(6, 0.03372829030690963)	(7, 0.054442518018101446)	(8, 0.06970038450963269)	(9, 0.07701589752868152)	(10, 0.08628316377773948)	(12, 0.09681123412063544)	(14, 0.10723957984593971)	(16, 0.12023583447423045)	(18, 0.13456412506606757)	(20, 0.15125375213873687)	(22, 0.1712449763723888)	(24, 0.19660352198856587)	(26, 0.22861512423550395)	(28, 0.2759202089088275)	(30, 0.33808070000983)	(32, 0.3954223551250618)	(34, 0.45875817207625225)	(36, 0.5370811744140822)	(38, 0.6120277861277359)	(40, 0.6770411136105583)	(42, 0.7462784909670865)	(44, 0.8536747809263847)	(46, 0.9541651411174571)	(48, 1.05282840385051)	(50, 1.143186030575568)	(52, 1.2359548560902538)	(54, 1.3204714694992257)	(56, 1.399521036908081)	(58, 1.4853198239718037)	(60, 1.6188582101140707)	(62, 1.856932926646845)	(64, 2.045237935814387)	(66, 2.1295052376793793)	(68, 2.2055060810647173)	(70, 2.264364975004737)	(72, 2.299457355616562)	(74, 2.330158291460866)	(76, 2.3561543623109324)	(78, 2.3752124490514053)	(80, 2.3901782648771324)	(82, 2.395253535593853)	(84, 2.396265028143712)	(86, 2.3971233721736978)	(88, 2.397960346642771)
trim_paired_ERR1797972_pass_1 - illumina_universal_adapter	(1, 0.0046304117301050034)	(2, 0.005982462878926872)	(3, 0.007974194141169842)	(4, 0.01070010371540748)	(5, 0.01738039944533919)	(6, 0.030588339969045298)	(7, 0.04726363747118168)	(8, 0.05957747965453785)	(9, 0.06649765542700246)	(10, 0.07538412063901717)	(12, 0.0855899260849629)	(14, 0.09558492785716757)	(16, 0.10741174086325994)	(18, 0.12066329594015385)	(20, 0.13718594250613292)	(22, 0.15992002835527486)	(24, 0.19316522152267712)	(26, 0.23565306541979444)	(28, 0.2924864627695997)	(30, 0.3553241302749258)	(32, 0.4235045805457576)	(34, 0.49855068839756933)	(36, 0.5882222097516907)	(38, 0.6829203083607063)	(40, 0.7748270755657025)	(42, 0.8666029991111354)	(44, 0.9780745279669599)	(46, 1.0963026780207947)	(48, 1.2095006162736364)	(50, 1.3184606737750635)	(52, 1.4404251372186534)	(54, 1.5599326474993305)	(56, 1.6742354877662633)	(58, 1.7882511988913763)	(60, 1.9129306682709069)	(62, 2.0638770023077915)	(64, 2.198758642587169)	(66, 2.3114513789322517)	(68, 2.4158282738028607)	(70, 2.5031009947316525)	(72, 2.5702892139174622)	(74, 2.6233753942392153)	(76, 2.6661939818313405)	(78, 2.6976618819563396)	(80, 2.72980580765575)	(82, 2.7402369549598324)	(84, 2.7408766350732536)	(86, 2.741109246023589)	(88, 2.741356395158319)
trim_paired_ERR1797972_pass_2 - illumina_universal_adapter	(1, 0.0038090043117347283)	(2, 0.0045504517159273665)	(3, 0.005749851928591928)	(4, 0.007232746736977203)	(5, 0.011390667474214348)	(6, 0.020542454551454852)	(7, 0.033605013231201616)	(8, 0.043331058592081514)	(9, 0.048542997698023886)	(10, 0.05561218986054683)	(12, 0.06383716768254653)	(14, 0.07209849096553607)	(16, 0.08190086179449463)	(18, 0.09330970199920388)	(20, 0.10776792638096033)	(22, 0.12787060085443816)	(24, 0.15732132789450165)	(26, 0.19541864010404686)	(28, 0.24808684762441707)	(30, 0.30459313582531383)	(32, 0.36444684098337443)	(34, 0.4301594344529964)	(36, 0.5089672975172561)	(38, 0.5907046047372965)	(40, 0.6694761223405663)	(42, 0.7493161964969373)	(44, 0.8454281335384575)	(46, 0.94653757146608)	(48, 1.0426131630466102)	(50, 1.1340983229041244)	(52, 1.2362327028316604)	(54, 1.3365061951565167)	(56, 1.4313751174321845)	(58, 1.5275233999346944)	(60, 1.63101710010325)	(62, 1.7534976690928958)	(64, 1.8631446558070306)	(66, 1.9551459212106006)	(68, 2.037283028501529)	(70, 2.105470747864559)	(72, 2.1581389553849286)	(74, 2.2040469071611897)	(76, 2.2446193452641428)	(78, 2.2718529991838263)	(80, 2.2954739142811205)	(82, 2.3033390720393205)	(84, 2.304156844911592)	(86, 2.3046475086349547)	(88, 2.3050945578051296)
trim_paired_ERR1797973_pass_1 - illumina_universal_adapter	(1, 0.0031173221341406344)	(2, 0.0040225866414788985)	(3, 0.005095763113887969)	(4, 0.006811385365698389)	(5, 0.011439915185476287)	(6, 0.020003425404087446)	(7, 0.03083009689104426)	(8, 0.03851754468319903)	(9, 0.04253283080445747)	(10, 0.04789506290639259)	(12, 0.05431587044029584)	(14, 0.06098489566169506)	(16, 0.06929653793270002)	(18, 0.0778746491917521)	(20, 0.08814648114195323)	(22, 0.1024810525948458)	(24, 0.12318897820020858)	(26, 0.1509200042576634)	(28, 0.1871561363719656)	(30, 0.2282836170339826)	(32, 0.27307595884667546)	(34, 0.32447527145889365)	(36, 0.3853579598375021)	(38, 0.452088364912707)	(40, 0.5162599376506372)	(42, 0.5805592694924255)	(44, 0.6617812072052631)	(46, 0.7471388896229967)	(48, 0.8310072659157546)	(50, 0.9113823432830177)	(52, 0.9994521689626559)	(54, 1.0852734344143895)	(56, 1.16980615804721)	(58, 1.2551419389042824)	(60, 1.3479352011665648)	(62, 1.4597828212042734)	(64, 1.5584603027642543)	(66, 1.6397844477601784)	(68, 1.7152462750190653)	(70, 1.7808779518010895)	(72, 1.8330584200768978)	(74, 1.8739121312306473)	(76, 1.908929076468131)	(78, 1.9352328508224839)	(80, 1.9616753350610256)	(82, 1.9700307804533534)	(84, 1.9706841770130856)	(86, 1.9709798480820147)	(88, 1.9712207652492901)
trim_paired_ERR1797973_pass_2 - illumina_universal_adapter	(1, 0.002358068031211768)	(2, 0.0028107002848809)	(3, 0.0034166434631798994)	(4, 0.004146695485226886)	(5, 0.007023100452092015)	(6, 0.01287081714868838)	(7, 0.020645871183488793)	(8, 0.026296473834132472)	(9, 0.028858956431517396)	(10, 0.03279393683035066)	(12, 0.037626881216301714)	(14, 0.0429234086362526)	(16, 0.04969099088062817)	(18, 0.05670314055238948)	(20, 0.06532140467265415)	(22, 0.07727965679378382)	(24, 0.09505642353062795)	(26, 0.11814796898797414)	(28, 0.14866414350953822)	(30, 0.1835715809437149)	(32, 0.22046110961774915)	(34, 0.2632202565490412)	(36, 0.31313026303628344)	(38, 0.3675118381585635)	(40, 0.4197178582551435)	(42, 0.4717924689877552)	(44, 0.5377380681392594)	(46, 0.6068411422861171)	(48, 0.6734109359164715)	(50, 0.7363998243786856)	(52, 0.8057438156928186)	(54, 0.8728319462588265)	(56, 0.9377007186778116)	(58, 1.0037813774533946)	(60, 1.0742752007022518)	(62, 1.1568878875170887)	(64, 1.2299551441436614)	(66, 1.2901844359625378)	(68, 1.345124500881684)	(70, 1.3909024129241403)	(72, 1.424678269724144)	(74, 1.4549097239571098)	(76, 1.480771816838124)	(78, 1.4983040161475827)	(80, 1.5130109141317192)	(82, 1.5178730605985522)	(84, 1.5183767964937647)	(86, 1.5187089701637961)	(88, 1.5190447940939376)
trim_paired_ERR1797974_pass_1 - illumina_universal_adapter	(1, 0.00908653645155124)	(2, 0.010963453998724502)	(3, 0.013428418674411274)	(4, 0.01752058225365598)	(5, 0.0268407264685893)	(6, 0.04432103152166217)	(7, 0.06799597002441846)	(8, 0.08300325496168792)	(9, 0.09019676298583265)	(10, 0.09867511370857882)	(12, 0.10785831544152955)	(14, 0.11661860656835754)	(16, 0.12669998987431177)	(18, 0.13831593452248275)	(20, 0.15102339130645626)	(22, 0.16840300335807132)	(24, 0.19333056279896255)	(26, 0.22455344869099503)	(28, 0.2631833117702627)	(30, 0.3073392067695341)	(32, 0.35561143166840004)	(34, 0.410537450103597)	(36, 0.4783280064050416)	(38, 0.5492400457516777)	(40, 0.6194875112886924)	(42, 0.6903431625545122)	(44, 0.7789852255978365)	(46, 0.8709139082087431)	(48, 0.9612999740373165)	(50, 1.049917870760291)	(52, 1.1480210482205897)	(54, 1.2436028729243849)	(56, 1.336606956790861)	(58, 1.4281973109168695)	(60, 1.5290151716964702)	(62, 1.6455250298232533)	(64, 1.750104781137317)	(66, 1.8390046182643731)	(68, 1.9229906369202892)	(70, 1.9940798959494912)	(72, 2.049726876275126)	(74, 2.0947769251273423)	(76, 2.1318641714242768)	(78, 2.159852798109485)	(80, 2.1889530755307867)	(82, 2.1980637783026884)	(84, 2.1991270963980822)	(86, 2.1997111158065374)	(88, 2.200359578735926)
trim_paired_ERR1797974_pass_2 - illumina_universal_adapter	(1, 0.007507670188693046)	(2, 0.008595154604437211)	(3, 0.009795415181814102)	(4, 0.011938162252835938)	(5, 0.01768169105598845)	(6, 0.030522062601886214)	(7, 0.04830041893927414)	(8, 0.05999691798861138)	(9, 0.06502351262138441)	(10, 0.07108925902920185)	(12, 0.07775916344576606)	(14, 0.08441698470215533)	(16, 0.09230728829638798)	(18, 0.10163548795143794)	(20, 0.11214783730363154)	(22, 0.12717928856125088)	(24, 0.14901355899735869)	(26, 0.17666385719766867)	(28, 0.21201112842941233)	(30, 0.25067724098920485)	(32, 0.2922191456706319)	(34, 0.33984290764010966)	(36, 0.39768096767746597)	(38, 0.4588660630832793)	(40, 0.5199746318079848)	(42, 0.5805233474445848)	(44, 0.6558940728957721)	(46, 0.7339996202665529)	(48, 0.8108525466991989)	(50, 0.8836374758729499)	(52, 0.9636199407909041)	(54, 1.0422853412497903)	(56, 1.1191181290821446)	(58, 1.1944566327728654)	(60, 1.2759615758728613)	(62, 1.3686716361750806)	(64, 1.4515460040949024)	(66, 1.5215236123880103)	(68, 1.5870586454568003)	(70, 1.641066343718702)	(72, 1.683043242166427)	(74, 1.722261152374208)	(76, 1.756605521311432)	(78, 1.7827373690497583)	(80, 1.803520404550647)	(82, 1.809952673483771)	(84, 1.810572942372751)	(86, 1.8111207123006814)	(88, 1.8115919555475037)
