Sample	0	1	2	3	4	5	6	7	8	9	10	11	12	13	14	15	16	17	18	19	20	21	22	23	24	25
ERR1797969_1	(100, 25937368.0)																									
ERR1797969_2	(100, 25937368.0)																									
ERR1797970_1	(100, 26634380.0)																									
ERR1797970_2	(100, 26634380.0)																									
ERR1797971_1	(100, 27609615.0)																									
ERR1797971_2	(100, 27609615.0)																									
ERR1797972_1	(100, 27078884.0)																									
ERR1797972_2	(100, 27078884.0)																									
ERR1797973_1	(100, 23953340.0)																									
ERR1797973_2	(100, 23953340.0)																									
ERR1797974_1	(100, 23240177.0)																									
ERR1797974_2	(100, 23240177.0)																									
trim_paired_ERR1797969_pass_1	(50, 7376.0)	(52, 7529.0)	(54, 7765.0)	(56, 8714.0)	(58, 7972.0)	(60, 10705.0)	(62, 9013.0)	(64, 11139.0)	(66, 11162.0)	(68, 9549.0)	(70, 9458.0)	(72, 9832.0)	(74, 11259.0)	(76, 12329.0)	(78, 13399.0)	(80, 13782.0)	(82, 13302.0)	(84, 13838.0)	(86, 15289.0)	(88, 17193.0)	(90, 21320.0)	(92, 25896.0)	(94, 33296.0)	(96, 45031.0)	(98, 151017.0)	(100, 12573398.0)
trim_paired_ERR1797969_pass_2	(50, 12415.0)	(52, 12220.0)	(54, 13005.0)	(56, 13810.0)	(58, 14835.0)	(60, 13339.0)	(62, 13754.0)	(64, 12795.0)	(66, 12607.0)	(68, 13656.0)	(70, 13759.0)	(72, 13720.0)	(74, 14311.0)	(76, 14064.0)	(78, 13987.0)	(80, 13757.0)	(82, 13763.0)	(84, 15076.0)	(86, 16045.0)	(88, 17512.0)	(90, 19849.0)	(92, 26898.0)	(94, 36665.0)	(96, 59407.0)	(98, 203759.0)	(100, 12445555.0)
trim_paired_ERR1797970_pass_1	(50, 7997.0)	(52, 8246.0)	(54, 8256.0)	(56, 9136.0)	(58, 8541.0)	(60, 11663.0)	(62, 9852.0)	(64, 11926.0)	(66, 12317.0)	(68, 10211.0)	(70, 10197.0)	(72, 10809.0)	(74, 12232.0)	(76, 13032.0)	(78, 14610.0)	(80, 14653.0)	(82, 14079.0)	(84, 14471.0)	(86, 16141.0)	(88, 18193.0)	(90, 22196.0)	(92, 26716.0)	(94, 34831.0)	(96, 46385.0)	(98, 160326.0)	(100, 14165733.0)
trim_paired_ERR1797970_pass_2	(50, 14280.0)	(52, 13776.0)	(54, 14575.0)	(56, 15717.0)	(58, 16699.0)	(60, 14825.0)	(62, 15352.0)	(64, 14520.0)	(66, 14458.0)	(68, 15473.0)	(70, 15911.0)	(72, 15640.0)	(74, 16554.0)	(76, 15903.0)	(78, 15407.0)	(80, 15573.0)	(82, 15558.0)	(84, 16968.0)	(86, 17811.0)	(88, 19601.0)	(90, 22206.0)	(92, 29973.0)	(94, 40108.0)	(96, 65488.0)	(98, 224068.0)	(100, 13996305.0)
trim_paired_ERR1797971_pass_1	(50, 7784.0)	(52, 7726.0)	(54, 7939.0)	(56, 8790.0)	(58, 8224.0)	(60, 10976.0)	(62, 9395.0)	(64, 11618.0)	(66, 11719.0)	(68, 9858.0)	(70, 9852.0)	(72, 10711.0)	(74, 12568.0)	(76, 14048.0)	(78, 15805.0)	(80, 15635.0)	(82, 14130.0)	(84, 14621.0)	(86, 16173.0)	(88, 18164.0)	(90, 21966.0)	(92, 26589.0)	(94, 34865.0)	(96, 46109.0)	(98, 154203.0)	(100, 13519192.0)
trim_paired_ERR1797971_pass_2	(50, 13914.0)	(52, 13728.0)	(54, 14503.0)	(56, 15393.0)	(58, 16408.0)	(60, 14769.0)	(62, 15110.0)	(64, 14707.0)	(66, 14795.0)	(68, 15931.0)	(70, 16899.0)	(72, 16997.0)	(74, 17464.0)	(76, 16128.0)	(78, 15871.0)	(80, 16112.0)	(82, 15410.0)	(84, 17433.0)	(86, 18348.0)	(88, 20333.0)	(90, 23330.0)	(92, 31263.0)	(94, 42209.0)	(96, 67631.0)	(98, 224352.0)	(100, 13329622.0)
trim_paired_ERR1797972_pass_1	(50, 7909.0)	(52, 8226.0)	(54, 8189.0)	(56, 8929.0)	(58, 8515.0)	(60, 10999.0)	(62, 9723.0)	(64, 11481.0)	(66, 11274.0)	(68, 9361.0)	(70, 9391.0)	(72, 9984.0)	(74, 10963.0)	(76, 12277.0)	(78, 13852.0)	(80, 13425.0)	(82, 12870.0)	(84, 13744.0)	(86, 14719.0)	(88, 16178.0)	(90, 19860.0)	(92, 24916.0)	(94, 32108.0)	(96, 44470.0)	(98, 146436.0)	(100, 13267077.0)
trim_paired_ERR1797972_pass_2	(50, 14137.0)	(52, 14045.0)	(54, 14356.0)	(56, 14678.0)	(58, 15727.0)	(60, 14497.0)	(62, 15238.0)	(64, 15205.0)	(66, 14600.0)	(68, 15177.0)	(70, 16827.0)	(72, 16827.0)	(74, 17844.0)	(76, 16947.0)	(78, 17115.0)	(80, 17419.0)	(82, 17127.0)	(84, 18286.0)	(86, 19328.0)	(88, 22374.0)	(90, 26234.0)	(92, 33971.0)	(94, 44976.0)	(96, 66580.0)	(98, 237662.0)	(100, 13019699.0)
trim_paired_ERR1797973_pass_1	(50, 7691.0)	(52, 7982.0)	(54, 8124.0)	(56, 8940.0)	(58, 8152.0)	(60, 10893.0)	(62, 9483.0)	(64, 11137.0)	(66, 11165.0)	(68, 9207.0)	(70, 9052.0)	(72, 9583.0)	(74, 10388.0)	(76, 11335.0)	(78, 11993.0)	(80, 12198.0)	(82, 12063.0)	(84, 12398.0)	(86, 13712.0)	(88, 15082.0)	(90, 18364.0)	(92, 23158.0)	(94, 29536.0)	(96, 41108.0)	(98, 139943.0)	(100, 13234967.0)
trim_paired_ERR1797973_pass_2	(50, 13461.0)	(52, 13511.0)	(54, 13488.0)	(56, 13725.0)	(58, 15173.0)	(60, 13704.0)	(62, 14646.0)	(64, 14058.0)	(66, 13631.0)	(68, 13985.0)	(70, 14904.0)	(72, 15023.0)	(74, 15574.0)	(76, 15550.0)	(78, 15563.0)	(80, 16158.0)	(82, 15321.0)	(84, 16472.0)	(86, 17136.0)	(88, 19328.0)	(90, 22456.0)	(92, 29283.0)	(94, 40139.0)	(96, 63365.0)	(98, 240869.0)	(100, 13001131.0)
trim_paired_ERR1797974_pass_1	(50, 6950.0)	(52, 7249.0)	(54, 7293.0)	(56, 7896.0)	(58, 7491.0)	(60, 9910.0)	(62, 8604.0)	(64, 10405.0)	(66, 10440.0)	(68, 8350.0)	(70, 8458.0)	(72, 9457.0)	(74, 10350.0)	(76, 11609.0)	(78, 12750.0)	(80, 12406.0)	(82, 11396.0)	(84, 11755.0)	(86, 13016.0)	(88, 14182.0)	(90, 17055.0)	(92, 21303.0)	(94, 27654.0)	(96, 38363.0)	(98, 130807.0)	(100, 11978822.0)
trim_paired_ERR1797974_pass_2	(50, 13461.0)	(52, 13657.0)	(54, 13973.0)	(56, 14118.0)	(58, 14954.0)	(60, 13877.0)	(62, 14905.0)	(64, 14339.0)	(66, 13908.0)	(68, 14890.0)	(70, 16547.0)	(72, 16711.0)	(74, 16424.0)	(76, 15720.0)	(78, 15746.0)	(80, 16006.0)	(82, 15633.0)	(84, 17008.0)	(86, 17123.0)	(88, 19768.0)	(90, 22861.0)	(92, 29149.0)	(94, 39693.0)	(96, 60428.0)	(98, 218737.0)	(100, 11734335.0)
