Sample	0	1	2	3	4	5	6	7	8	9	10	11	12	13	14	15	16	17	18	19	20	21	22	23	24	25	26	27	28	29	30	31	32	33	34	35	36	37	38	39	40	41	42	43	44	45	46	47	48	49	50	51	52	53	54	55	56	57	58	59	60	61	62	63	64	65	66	67	68	69	70	71	72	73	74	75	76	77	78	79	80	81	82	83	84	85	86	87	88	89	90	91	92	93	94	95	96	97	98	99	100
ERR1797969_1	(0.0, 0.00017349471168841583)	(1.0, 0.00012144629818189109)	(2.0, 5.59038515440451e-05)	(3.0, 3.855438037520352e-05)	(4.0, 2.891578528140264e-05)	(5.0, 2.891578528140264e-05)	(6.0, 3.855438037520352e-05)	(7.0, 5.012069448776457e-05)	(8.0, 6.168700860032563e-05)	(9.0, 6.168700860032563e-05)	(10.0, 8.289191780668757e-05)	(11.0, 8.289191780668757e-05)	(12.0, 0.00010987998406933003)	(13.0, 0.00013301261229445215)	(14.0, 0.00014072348836949284)	(15.0, 0.0002101213730448592)	(16.0, 0.00034698942337683166)	(17.0, 0.0006168700860032563)	(18.0, 0.0013012103376631187)	(19.0, 0.0058390609078245725)	(20.0, 0.010392333230136108)	(21.0, 0.009214496909673641)	(22.0, 0.009565341771087992)	(23.0, 0.01567428334153899)	(24.0, 0.030600611703799036)	(25.0, 0.048956352200433435)	(26.0, 0.06703642887738512)	(27.0, 0.10251609741766617)	(28.0, 0.16767107253274136)	(29.0, 0.2398930655705913)	(30.0, 0.31983942871661336)	(31.0, 0.4371931794216766)	(32.0, 0.6121818733496315)	(33.0, 0.8451563553618926)	(34.0, 1.1032682933787863)	(35.0, 1.4608775208299678)	(36.0, 1.8309783675227151)	(37.0, 2.2084623780573143)	(38.0, 2.7623134016182815)	(39.0, 3.4082091528870095)	(40.0, 4.043899559670422)	(41.0, 4.55999813396799)	(42.0, 5.17255398480726)	(43.0, 5.699723449429569)	(44.0, 5.794050596455542)	(45.0, 5.667397529203979)	(46.0, 5.581224633627362)	(47.0, 5.515502909120771)	(48.0, 5.8149567092139955)	(49.0, 6.376512825692949)	(50.0, 6.095131391400599)	(51.0, 7.422728346992508)	(52.0, 7.665821426134241)	(53.0, 4.763688636366266)	(54.0, 2.3377409986124276)	(55.0, 0.8817194019907169)	(56.0, 0.36067622841002894)	(57.0, 0.20031121095838864)	(58.0, 0.15030810733076844)	(59.0, 0.10176043156231217)	(60.0, 0.056167949049615244)	(61.0, 0.021742742812596024)	(62.0, 0.00864967523717691)	(63.0, 0.004061703972527691)	(64.0, 0.001796634125484484)	(65.0, 0.0009253051290048844)	(66.0, 0.000514700978008967)	(67.0, 0.0003045796049641078)	(68.0, 0.0002101213730448592)	(69.0, 0.0001349403313132123)	(70.0, 8.096419878792738e-05)	(71.0, 5.012069448776457e-05)	(72.0, 2.5060347243882286e-05)	(73.0, 1.927719018760176e-05)	(74.0, 1.3494033131321232e-05)	(75.0, 7.710876075040704e-06)	(76.0, 5.783157056280528e-06)	(77.0, 5.783157056280528e-06)	(78.0, 7.710876075040704e-06)	(79.0, 1.1566314112561056e-05)	(80.0, 9.63859509380088e-06)	(81.0, 3.855438037520352e-06)	(82.0, 0.0)	(83.0, 1.927719018760176e-06)	(84.0, 1.927719018760176e-06)	(85.0, 1.927719018760176e-06)	(86.0, 1.927719018760176e-06)	(87.0, 0.0)	(88.0, 0.0)	(89.0, 0.0)	(90.0, 0.0)	(91.0, 0.0)	(92.0, 0.0)	(93.0, 0.0)	(94.0, 3.855438037520352e-06)	(95.0, 3.855438037520352e-06)	(96.0, 0.0)	(97.0, 0.0)	(98.0, 1.927719018760176e-06)	(99.0, 1.927719018760176e-06)	(100.0, 1.927719018760176e-06)
ERR1797969_1_paired	(0.0, 0.0003661555682921234)	(1.0, 0.0002129680346188881)	(2.0, 5.97805009456528e-05)	(3.0, 3.7362813091033e-05)	(4.0, 1.49451252364132e-05)	(5.0, 4.85716570183429e-05)	(6.0, 7.846190749116931e-05)	(7.0, 6.72530635638594e-05)	(8.0, 7.4725626182066e-05)	(9.0, 0.0001270335645095122)	(10.0, 0.0002017591906915782)	(11.0, 0.0001942866280733716)	(12.0, 0.0001756052215278551)	(13.0, 0.0002727485355645409)	(14.0, 0.0003250564738919871)	(15.0, 0.0003773644122194333)	(16.0, 0.0006912120421841106)	(17.0, 0.0013039621768770517)	(18.0, 0.002742430480881822)	(19.0, 0.011500273869419956)	(20.0, 0.020101193442975753)	(21.0, 0.017624038935040266)	(22.0, 0.017418543463039584)	(23.0, 0.027962329317329098)	(24.0, 0.05543520578316566)	(25.0, 0.08883382440524006)	(26.0, 0.12186255117771323)	(27.0, 0.18575669784468876)	(28.0, 0.30411461715446314)	(29.0, 0.43486204528522404)	(30.0, 0.5712624670366582)	(31.0, 0.7622013870570732)	(32.0, 1.03480047136925)	(33.0, 1.413315658231887)	(34.0, 1.8210635100569483)	(35.0, 2.355844926391522)	(36.0, 2.8721915307469796)	(37.0, 3.350454219718748)	(38.0, 4.10536612194176)	(39.0, 4.910826173995632)	(40.0, 5.498860807828854)	(41.0, 5.721584272945812)	(42.0, 6.132829284076193)	(43.0, 6.5082172034831105)	(44.0, 6.135724902090748)	(45.0, 5.508208983664231)	(46.0, 5.354016390318847)	(47.0, 5.389066445279545)	(48.0, 5.715038308092262)	(49.0, 6.028848575243848)	(50.0, 4.67307912173477)	(51.0, 5.410456655774161)	(52.0, 4.561397937124364)	(53.0, 1.3255093111866505)	(54.0, 0.6548767064530809)	(55.0, 0.29809920424680675)	(56.0, 0.155022047796005)	(57.0, 0.12622652774674586)	(58.0, 0.11508493688299984)	(59.0, 0.08704040937687048)	(60.0, 0.05775170019480971)	(61.0, 0.022944503519203366)	(62.0, 0.010674555700108128)	(63.0, 0.006956955797550344)	(64.0, 0.004330350037250724)	(65.0, 0.003052541829537396)	(66.0, 0.0017523159339694475)	(67.0, 0.000997587109530581)	(68.0, 0.0007211022926569369)	(69.0, 0.0005118705393471521)	(70.0, 0.000336265317819297)	(71.0, 0.0001681326589096485)	(72.0, 7.846190749116931e-05)	(73.0, 4.85716570183429e-05)	(74.0, 4.48353757092396e-05)	(75.0, 3.7362813091033e-05)	(76.0, 4.85716570183429e-05)	(77.0, 6.35167822547561e-05)	(78.0, 4.85716570183429e-05)	(79.0, 2.98902504728264e-05)	(80.0, 1.86814065455165e-05)	(81.0, 7.4725626182066e-06)	(82.0, 0.0)	(83.0, 0.0)	(84.0, 3.7362813091033e-06)	(85.0, 7.4725626182066e-06)	(86.0, 3.7362813091033e-06)	(87.0, 0.0)	(88.0, 0.0)	(89.0, 0.0)	(90.0, 0.0)	(91.0, 0.0)	(92.0, 0.0)	(93.0, 0.0)	(94.0, 0.0)	(95.0, 0.0)	(96.0, 0.0)	(97.0, 0.0)	(98.0, 0.0)	(99.0, 0.0)	(100.0, 3.7362813091033e-06)
ERR1797969_2	(0.0, 5.012085294279575e-05)	(1.0, 5.2048578055980206e-05)	(2.0, 6.168720362190247e-05)	(3.0, 6.939810407464029e-05)	(4.0, 8.289217986693145e-05)	(5.0, 0.00010988033145151378)	(6.0, 0.00014843483371520283)	(7.0, 0.00016771208484704734)	(8.0, 0.00017927843552615407)	(9.0, 0.0001927725113184452)	(10.0, 0.0002506042647139788)	(11.0, 0.0003122914683358813)	(12.0, 0.00037205094684459927)	(13.0, 0.00048385900340929753)	(14.0, 0.0005898838846344423)	(15.0, 0.0007884395712924409)	(16.0, 0.0011720568688161472)	(17.0, 0.001904592411826239)	(18.0, 0.0029976125510018234)	(19.0, 0.006629446664241331)	(20.0, 0.013037204940466451)	(21.0, 0.018413630281137888)	(22.0, 0.025856576943143063)	(23.0, 0.03331301768094052)	(24.0, 0.044840813857783546)	(25.0, 0.06884099151692998)	(26.0, 0.0991409748459632)	(27.0, 0.1357291974942041)	(28.0, 0.19351661321213443)	(29.0, 0.26904295542158807)	(30.0, 0.37778014588098346)	(31.0, 0.5316993575431961)	(32.0, 0.7361442444219731)	(33.0, 1.000231018577564)	(34.0, 1.2791053720763927)	(35.0, 1.5959886816318793)	(36.0, 1.9522361379985926)	(37.0, 2.33877201134366)	(38.0, 2.8032419555645482)	(39.0, 3.41946434842043)	(40.0, 4.3778213220894004)	(41.0, 5.483176974264253)	(42.0, 5.839349249351552)	(43.0, 5.475957643715377)	(44.0, 5.161564955006124)	(45.0, 5.161025191974433)	(46.0, 5.175558311602731)	(47.0, 5.58468134009898)	(48.0, 6.813906824871725)	(49.0, 7.143836977993244)	(50.0, 6.349573749133873)	(51.0, 6.114171524662467)	(52.0, 5.86552390093837)	(53.0, 4.106308950797824)	(54.0, 2.028178868832494)	(55.0, 1.019251882269355)	(56.0, 0.5290390968870016)	(57.0, 0.26287616278451104)	(58.0, 0.19263371511029595)	(59.0, 0.15728501970983266)	(60.0, 0.09845084925544315)	(61.0, 0.04672034584313839)	(62.0, 0.02202618714324555)	(63.0, 0.010700802103286895)	(64.0, 0.006583181261524905)	(65.0, 0.004692082925490957)	(66.0, 0.0031749632614147933)	(67.0, 0.00221688388016212)	(68.0, 0.0016212168201881242)	(69.0, 0.001249165873343525)	(70.0, 0.0009715734570449639)	(71.0, 0.0007691623201605965)	(72.0, 0.0006689206142750049)	(73.0, 0.0005301244061257244)	(74.0, 0.0004510876764851618)	(75.0, 0.00040674999888191943)	(76.0, 0.0003527736957127548)	(77.0, 0.00032000236878861906)	(78.0, 0.00027759241629856117)	(79.0, 0.00024096563914805652)	(80.0, 0.00020819431222392082)	(81.0, 0.00019662796154481415)	(82.0, 0.0001927725113184452)	(83.0, 0.00016771208484704734)	(84.0, 0.00013879620814928058)	(85.0, 9.445853054603817e-05)	(86.0, 8.48199049801159e-05)	(87.0, 0.00011759123190425159)	(88.0, 0.00011759123190425159)	(89.0, 0.00010216943099877598)	(90.0, 0.00012144668213062049)	(91.0, 0.00011373578167788268)	(92.0, 8.289217986693145e-05)	(93.0, 7.32535543010092e-05)	(94.0, 8.0964454753747e-05)	(95.0, 9.63862556592226e-05)	(96.0, 8.674763009330036e-05)	(97.0, 9.060308031966926e-05)	(98.0, 0.00013494075792291167)	(99.0, 0.00018313388575252296)	(100.0, 0.00035855687105230814)
ERR1797969_2_paired	(0.0, 7.41889542959318e-05)	(1.0, 8.160784972552498e-05)	(2.0, 7.78984020107284e-05)	(3.0, 6.306061115154202e-05)	(4.0, 6.306061115154202e-05)	(5.0, 9.273619286991476e-05)	(6.0, 0.00010386453601430451)	(7.0, 9.273619286991476e-05)	(8.0, 0.00012983067001788064)	(9.0, 0.00018176293802503292)	(10.0, 0.00021514796745820223)	(11.0, 0.0002707896831801511)	(12.0, 0.0003746542191944556)	(13.0, 0.0004859376506383533)	(14.0, 0.0006157683206562339)	(15.0, 0.0009570375104175202)	(16.0, 0.0016061908605069235)	(17.0, 0.0031344833190031186)	(18.0, 0.005553043229050495)	(19.0, 0.012434068739998172)	(20.0, 0.024537996633379446)	(21.0, 0.03487251796680275)	(22.0, 0.048623440645553705)	(23.0, 0.06226678934057556)	(24.0, 0.08355530977579319)	(25.0, 0.1273972723169741)	(26.0, 0.18386619487932257)	(27.0, 0.25148571727234964)	(28.0, 0.3569119307745835)	(29.0, 0.4927852911198678)	(30.0, 0.6858323690933119)	(31.0, 0.9507759626749437)	(32.0, 1.2946454752843022)	(33.0, 1.726670012835802)	(34.0, 2.171080396307007)	(35.0, 2.6579491183217745)	(36.0, 3.161584544007422)	(37.0, 3.658364910316126)	(38.0, 4.233648318613071)	(39.0, 4.995053265999934)	(40.0, 6.210535417602761)	(41.0, 7.4983184146146895)	(42.0, 7.338192685110065)	(43.0, 6.009972998559139)	(44.0, 4.972930119828886)	(45.0, 4.673841060032552)	(46.0, 4.560090845858315)	(47.0, 5.306097875781057)	(48.0, 7.498852575085621)	(49.0, 7.78243985288182)	(50.0, 5.057268123072502)	(51.0, 2.3280122913291916)	(52.0, 1.1819598726042113)	(53.0, 0.8270287869093293)	(54.0, 0.5361524443535547)	(55.0, 0.32407960905091887)	(56.0, 0.18402941057877364)	(57.0, 0.12537562331240995)	(58.0, 0.12103186003838314)	(59.0, 0.10449514212581995)	(60.0, 0.05934003509360105)	(61.0, 0.027127191138307465)	(62.0, 0.013828821080761689)	(63.0, 0.008435284103447445)	(64.0, 0.00625412884714705)	(65.0, 0.005252577964151971)	(66.0, 0.0039691090548323515)	(67.0, 0.0025706472663540366)	(68.0, 0.0013687862067599417)	(69.0, 0.0005823832912230647)	(70.0, 0.00031901250347250677)	(71.0, 0.0002559518923209647)	(72.0, 0.00019289128116942267)	(73.0, 0.00011870232687349088)	(74.0, 6.306061115154202e-05)	(75.0, 3.3385029433169314e-05)	(76.0, 1.112834314438977e-05)	(77.0, 3.70944771479659e-06)	(78.0, 3.70944771479659e-06)	(79.0, 3.70944771479659e-06)	(80.0, 3.70944771479659e-06)	(81.0, 0.0)	(82.0, 0.0)	(83.0, 3.70944771479659e-06)	(84.0, 7.41889542959318e-06)	(85.0, 3.70944771479659e-06)	(86.0, 0.0)	(87.0, 0.0)	(88.0, 0.0)	(89.0, 0.0)	(90.0, 0.0)	(91.0, 0.0)	(92.0, 0.0)	(93.0, 0.0)	(94.0, 0.0)	(95.0, 0.0)	(96.0, 7.41889542959318e-06)	(97.0, 2.225668628877954e-05)	(98.0, 4.451337257755908e-05)	(99.0, 0.0002707896831801511)	(100.0, 0.0006825383795225726)
ERR1797970_1	(0.0, 0.0002740814895705704)	(1.0, 0.00019335885908060792)	(2.0, 7.884536001345177e-05)	(3.0, 4.3177220959747397e-05)	(4.0, 4.5054491436258156e-05)	(5.0, 4.6931761912768915e-05)	(6.0, 5.631811429532269e-05)	(7.0, 7.32135485839195e-05)	(8.0, 8.072263048996252e-05)	(9.0, 6.758173715438723e-05)	(10.0, 5.444084381881194e-05)	(11.0, 7.509081906043025e-05)	(12.0, 0.00010888168763762387)	(13.0, 0.00013891801526179598)	(14.0, 0.00016144526097992503)	(15.0, 0.00023090426861082305)	(16.0, 0.0003829631772081943)	(17.0, 0.0007377672972687273)	(18.0, 0.0017064388631482777)	(19.0, 0.00702474612310325)	(20.0, 0.01213467636016553)	(21.0, 0.010706073527540844)	(22.0, 0.011513299832440468)	(23.0, 0.018599995881268573)	(24.0, 0.0353583894250801)	(25.0, 0.056710463824913446)	(26.0, 0.07795928834853869)	(27.0, 0.11789821773630503)	(28.0, 0.1939483220102323)	(29.0, 0.2808640678022038)	(30.0, 0.3672147551807456)	(31.0, 0.49617760510560505)	(32.0, 0.6989378347325788)	(33.0, 0.9594823268970302)	(34.0, 1.2300833570041498)	(35.0, 1.6205856524460112)	(36.0, 2.0215856443925206)	(37.0, 2.405911719966662)	(38.0, 2.9817137523334707)	(39.0, 3.6252908807137474)	(40.0, 4.217092889351857)	(41.0, 4.710176752712172)	(42.0, 5.323086790588169)	(43.0, 5.904522511654987)	(44.0, 5.965511274895868)	(45.0, 5.725168090329149)	(46.0, 5.622030850349648)	(47.0, 5.488038792818217)	(48.0, 5.604575989459051)	(49.0, 6.063544216449737)	(50.0, 5.479889561679683)	(51.0, 6.27830771350352)	(52.0, 6.574542871967394)	(53.0, 4.716538822357067)	(54.0, 2.9059020614100604)	(55.0, 1.120794301673123)	(56.0, 0.4106116167862447)	(57.0, 0.23766807413769128)	(58.0, 0.18324224848269144)	(59.0, 0.12449306892028732)	(60.0, 0.06759675531819931)	(61.0, 0.02380003510120337)	(62.0, 0.00955530672543975)	(63.0, 0.004353390235028444)	(64.0, 0.0020255748441551065)	(65.0, 0.0010737987125641526)	(66.0, 0.0006345174210606357)	(67.0, 0.0003491723086310007)	(68.0, 0.0002027452114631617)	(69.0, 0.00011826804002017766)	(70.0, 7.884536001345177e-05)	(71.0, 4.6931761912768915e-05)	(72.0, 2.628178667115059e-05)	(73.0, 1.8772704765107563e-05)	(74.0, 1.1263622859064539e-05)	(75.0, 1.501816381208605e-05)	(76.0, 1.501816381208605e-05)	(77.0, 1.3140893335575295e-05)	(78.0, 7.509081906043025e-06)	(79.0, 3.7545409530215125e-06)	(80.0, 1.8772704765107563e-06)	(81.0, 3.7545409530215125e-06)	(82.0, 3.7545409530215125e-06)	(83.0, 5.6318114295322694e-06)	(84.0, 9.386352382553782e-06)	(85.0, 3.7545409530215125e-06)	(86.0, 0.0)	(87.0, 0.0)	(88.0, 0.0)	(89.0, 0.0)	(90.0, 1.8772704765107563e-06)	(91.0, 3.7545409530215125e-06)	(92.0, 1.8772704765107563e-06)	(93.0, 1.8772704765107563e-06)	(94.0, 3.7545409530215125e-06)	(95.0, 1.8772704765107563e-06)	(96.0, 0.0)	(97.0, 0.0)	(98.0, 1.8772704765107563e-06)	(99.0, 3.7545409530215125e-06)	(100.0, 9.386352382553782e-06)
ERR1797970_1_paired	(0.0, 0.00047890799399209923)	(1.0, 0.0002893402463702266)	(2.0, 7.316649908212626e-05)	(3.0, 4.323474945762007e-05)	(4.0, 3.99089994993416e-05)	(5.0, 4.323474945762007e-05)	(6.0, 4.323474945762007e-05)	(7.0, 4.323474945762007e-05)	(8.0, 4.9886249374177005e-05)	(9.0, 5.6537749290733935e-05)	(10.0, 7.98179989986832e-05)	(11.0, 0.00013635574828941714)	(12.0, 0.00019954499749670802)	(13.0, 0.0002594084967457204)	(14.0, 0.00033257499582784665)	(15.0, 0.00046893074411726384)	(16.0, 0.0007516194905709335)	(17.0, 0.00149658748122531)	(18.0, 0.0033290757082367456)	(19.0, 0.012747599590081364)	(20.0, 0.02162735197868487)	(21.0, 0.01891354001272964)	(22.0, 0.01960862175400984)	(23.0, 0.031178905858860628)	(24.0, 0.059780355500055435)	(25.0, 0.09502665355789063)	(26.0, 0.13073855660988482)	(27.0, 0.19803843276560784)	(28.0, 0.3265553884033627)	(29.0, 0.4720968580775449)	(30.0, 0.6084891896165031)	(31.0, 0.8051939966488413)	(32.0, 1.1045613791432773)	(33.0, 1.50578317985995)	(34.0, 1.9131576179994378)	(35.0, 2.468085604537866)	(36.0, 3.004745246555471)	(37.0, 3.4808396560828667)	(38.0, 4.2448808227479695)	(39.0, 5.029315488157237)	(40.0, 5.560507597243433)	(41.0, 5.800729842479844)	(42.0, 6.252705913309804)	(43.0, 6.738950511709866)	(44.0, 6.375991464263187)	(45.0, 5.599455455004831)	(46.0, 5.391373257365222)	(47.0, 5.28906653714866)	(48.0, 5.312286923357361)	(49.0, 5.572417107844027)	(50.0, 4.3098194164333155)	(51.0, 5.016784062314444)	(52.0, 4.301278890540456)	(53.0, 1.282302759913512)	(54.0, 0.6852508244035285)	(55.0, 0.30800768088604363)	(56.0, 0.15780350977035495)	(57.0, 0.13882345475845975)	(58.0, 0.132890316832891)	(59.0, 0.09732474677906106)	(60.0, 0.061669381476357615)	(61.0, 0.023350090457073116)	(62.0, 0.011114656360566636)	(63.0, 0.007433051156752374)	(64.0, 0.004795731439837549)	(65.0, 0.003262560709071176)	(66.0, 0.001859094226677663)	(67.0, 0.0011174519859815648)	(68.0, 0.0007050589911550349)	(69.0, 0.0004356732445344792)	(70.0, 0.0002793629964953912)	(71.0, 0.0001297042483728602)	(72.0, 6.98407491238478e-05)	(73.0, 6.318924920729087e-05)	(74.0, 4.9886249374177005e-05)	(75.0, 4.9886249374177005e-05)	(76.0, 4.9886249374177005e-05)	(77.0, 5.3211999332455474e-05)	(78.0, 6.651499916556934e-05)	(79.0, 5.6537749290733935e-05)	(80.0, 2.3280249707949265e-05)	(81.0, 3.325749958278467e-06)	(82.0, 0.0)	(83.0, 0.0)	(84.0, 0.0)	(85.0, 0.0)	(86.0, 0.0)	(87.0, 0.0)	(88.0, 0.0)	(89.0, 0.0)	(90.0, 0.0)	(91.0, 0.0)	(92.0, 0.0)	(93.0, 0.0)	(94.0, 0.0)	(95.0, 0.0)	(96.0, 0.0)	(97.0, 0.0)	(98.0, 0.0)	(99.0, 3.325749958278467e-06)	(100.0, 9.9772498748354e-06)
ERR1797970_2	(0.0, 0.00012014568039202784)	(1.0, 0.00011451385162365153)	(2.0, 0.0001013729178307735)	(3.0, 9.198653655014632e-05)	(4.0, 0.00011639112787977698)	(5.0, 0.00016707758679516372)	(6.0, 0.00017458669181966548)	(7.0, 0.00017458669181966548)	(8.0, 0.00022902770324730306)	(9.0, 0.00026094139960143543)	(10.0, 0.00033415517359032743)	(11.0, 0.00041487805260372116)	(12.0, 0.0004730736165436097)	(13.0, 0.0005875874681672611)	(14.0, 0.0007152422535837907)	(15.0, 0.000940515404318843)	(16.0, 0.0013741662194838185)	(17.0, 0.002402913607840557)	(18.0, 0.003899102783972529)	(19.0, 0.00824499731690291)	(20.0, 0.016168980394008374)	(21.0, 0.0230642160827571)	(22.0, 0.0311759267854751)	(23.0, 0.03930641025075436)	(24.0, 0.05252431237013355)	(25.0, 0.08064778796314868)	(26.0, 0.1169392925465656)	(27.0, 0.15836327041422946)	(28.0, 0.2236192703534057)	(29.0, 0.30971491401183043)	(30.0, 0.43592795126365563)	(31.0, 0.6109726984898157)	(32.0, 0.8420654056188568)	(33.0, 1.1399497246645847)	(34.0, 1.4480220219523052)	(35.0, 1.7908258072546028)	(36.0, 2.1662472675070794)	(37.0, 2.568123304760876)	(38.0, 3.040665652124002)	(39.0, 3.674032379073138)	(40.0, 4.6976153804492755)	(41.0, 5.8903672543699)	(42.0, 6.191289006398039)	(43.0, 5.639037509199827)	(44.0, 5.197066605667704)	(45.0, 5.167219790471565)	(46.0, 5.151030160038739)	(47.0, 5.475258296786675)	(48.0, 6.617898158326288)	(49.0, 6.8551258042603465)	(50.0, 5.936859878129103)	(51.0, 5.539040634864794)	(52.0, 5.193193784751317)	(53.0, 3.5729917391396984)	(54.0, 1.771598743839366)	(55.0, 0.9317766833465791)	(56.0, 0.4983661595423876)	(57.0, 0.26511833927131456)	(58.0, 0.21143011562238323)	(59.0, 0.18192871925737203)	(60.0, 0.11465277006660482)	(61.0, 0.051208341714589614)	(62.0, 0.02273381546167902)	(63.0, 0.010696720107402729)	(64.0, 0.006264470866690577)	(65.0, 0.004492322080908166)	(66.0, 0.0031144013089120966)	(67.0, 0.0022208178109963898)	(68.0, 0.001631353066573003)	(69.0, 0.0012371250527866617)	(70.0, 0.0009724291006729754)	(71.0, 0.0007903333038288081)	(72.0, 0.0006833285572296583)	(73.0, 0.0005988511257040138)	(74.0, 0.0005237600754589964)	(75.0, 0.00042614171014047377)	(76.0, 0.00039047346127409044)	(77.0, 0.00036231431743220896)	(78.0, 0.00027595960965043896)	(79.0, 0.0002909778196994424)	(80.0, 0.000245923189552432)	(81.0, 0.00016895486305128918)	(82.0, 0.00018397307310029265)	(83.0, 0.00016144575802678741)	(84.0, 0.00014642754797778394)	(85.0, 0.00014267299546553305)	(86.0, 0.00013516389044103134)	(87.0, 0.00013328661418490588)	(88.0, 0.00010888202285527523)	(89.0, 9.949564157464806e-05)	(90.0, 0.00010700474659914981)	(91.0, 0.0001013729178307735)	(92.0, 9.010926029402089e-05)	(93.0, 9.010926029402089e-05)	(94.0, 9.386381280627176e-05)	(95.0, 8.635470778177002e-05)	(96.0, 8.447743152564459e-05)	(97.0, 9.386381280627176e-05)	(98.0, 0.00012202295664815328)	(99.0, 0.00018397307310029265)	(100.0, 0.0003472961073832055)
ERR1797970_2_paired	(0.0, 0.00013199956136545759)	(1.0, 0.00011549961619477538)	(2.0, 7.919973681927455e-05)	(3.0, 7.919973681927455e-05)	(4.0, 0.00011219962716063896)	(5.0, 0.00011219962716063896)	(6.0, 6.929976971686523e-05)	(7.0, 7.58997477851381e-05)	(8.0, 0.0001418995284678669)	(9.0, 0.00022439925432127792)	(10.0, 0.0002606991336967787)	(11.0, 0.0003233989253453711)	(12.0, 0.0003794987389256905)	(13.0, 0.00047849840994978375)	(14.0, 0.0006731977629638337)	(15.0, 0.0009932966992750683)	(16.0, 0.0016466945280340835)	(17.0, 0.0034352885845360336)	(18.0, 0.006408578704292966)	(19.0, 0.014255952627469419)	(20.0, 0.028033406844989055)	(21.0, 0.03984406759816337)	(22.0, 0.05347302230914687)	(23.0, 0.0672405765595641)	(24.0, 0.09006990069771997)	(25.0, 0.1372894437871783)	(26.0, 0.1995206369929233)	(27.0, 0.2700249027072483)	(28.0, 0.38083523448451584)	(29.0, 0.5262954511202159)	(30.0, 0.7334522627381309)	(31.0, 1.0138556309577382)	(32.0, 1.3773560230459354)	(33.0, 1.8326621100638083)	(34.0, 2.2967857677808934)	(35.0, 2.7997469964407307)	(36.0, 3.305546215669925)	(37.0, 3.802821563223945)	(38.0, 4.365430093675799)	(39.0, 5.12173148048629)	(40.0, 6.399827133374436)	(41.0, 7.801758174757585)	(42.0, 7.616186591411957)	(43.0, 6.121502758246335)	(44.0, 5.017078928246722)	(45.0, 4.733590070280196)	(46.0, 4.577431289195826)	(47.0, 5.129707553981798)	(48.0, 7.048479577902363)	(49.0, 7.1963784864342895)	(50.0, 4.604807998223022)	(51.0, 2.091041351469589)	(52.0, 1.0341703634518822)	(53.0, 0.7225424989912759)	(54.0, 0.47772951250483)	(55.0, 0.29523351893901656)	(56.0, 0.17217692785606872)	(57.0, 0.12074659875905233)	(58.0, 0.12024500042586359)	(59.0, 0.10905143762207278)	(60.0, 0.06404288718548588)	(61.0, 0.028643904816304293)	(62.0, 0.014724551070316793)	(63.0, 0.008843970611485659)	(64.0, 0.006355778879746783)	(65.0, 0.0054086820269496245)	(66.0, 0.004177786117216732)	(67.0, 0.0026069913369677873)	(68.0, 0.0012803957452449384)	(69.0, 0.0006203979384176506)	(70.0, 0.0003431988595501897)	(71.0, 0.00017159942977509486)	(72.0, 0.00010229966005822964)	(73.0, 8.2499725853411e-05)	(74.0, 4.9499835512046594e-05)	(75.0, 2.3099923238955077e-05)	(76.0, 1.6499945170682198e-05)	(77.0, 1.6499945170682198e-05)	(78.0, 1.3199956136545759e-05)	(79.0, 6.599978068272879e-06)	(80.0, 3.2999890341364396e-06)	(81.0, 3.2999890341364396e-06)	(82.0, 3.2999890341364396e-06)	(83.0, 0.0)	(84.0, 0.0)	(85.0, 0.0)	(86.0, 0.0)	(87.0, 0.0)	(88.0, 0.0)	(89.0, 0.0)	(90.0, 0.0)	(91.0, 0.0)	(92.0, 3.2999890341364396e-06)	(93.0, 6.599978068272879e-06)	(94.0, 3.2999890341364396e-06)	(95.0, 3.2999890341364396e-06)	(96.0, 6.599978068272879e-06)	(97.0, 1.9799934204818638e-05)	(98.0, 5.2799824546183034e-05)	(99.0, 0.0001913993639799135)	(100.0, 0.00047519842091564725)
ERR1797971_1	(0.0, 0.00010865774007112736)	(1.0, 8.692619205690189e-05)	(2.0, 4.527405836296973e-05)	(3.0, 2.5353472683263047e-05)	(4.0, 2.5353472683263047e-05)	(5.0, 2.3542510348744262e-05)	(6.0, 2.897539735230063e-05)	(7.0, 3.621924669037578e-05)	(8.0, 3.8030209024894575e-05)	(9.0, 4.3463096028450945e-05)	(10.0, 5.6139832370082466e-05)	(11.0, 6.881656871171399e-05)	(12.0, 9.054811672593946e-05)	(13.0, 0.00012314543874727767)	(14.0, 0.00014487698676150313)	(15.0, 0.00019196200745899165)	(16.0, 0.00030967455920271296)	(17.0, 0.0005813189093805314)	(18.0, 0.0013890081105759112)	(19.0, 0.005898304323527697)	(20.0, 0.010302564721077392)	(21.0, 0.009194255772351893)	(22.0, 0.009554637276921133)	(23.0, 0.015279089216335025)	(24.0, 0.0300329993556596)	(25.0, 0.048108214416491636)	(26.0, 0.06563289692762996)	(27.0, 0.09903971911249806)	(28.0, 0.1623111211559155)	(29.0, 0.2370911888351999)	(30.0, 0.3138560712331168)	(31.0, 0.4277112732043131)	(32.0, 0.6075742413063847)	(33.0, 0.8342288542077528)	(34.0, 1.075372976747606)	(35.0, 1.4318826438456438)	(36.0, 1.7998665682951929)	(37.0, 2.151861506293275)	(38.0, 2.6836161875403617)	(39.0, 3.301952978000792)	(40.0, 3.907971602661825)	(41.0, 4.428398714506496)	(42.0, 5.07758343737312)	(43.0, 5.691356602750562)	(44.0, 5.844755978258311)	(45.0, 5.700826124797761)	(46.0, 5.615346891646139)	(47.0, 5.5338535865927945)	(48.0, 5.7507670330967855)	(49.0, 6.347614944495815)	(50.0, 5.896636427217604)	(51.0, 6.82520555327978)	(52.0, 7.528297191958024)	(53.0, 5.369677174232324)	(54.0, 2.8634085281113872)	(55.0, 1.1049206381976144)	(56.0, 0.46759047477275145)	(57.0, 0.26802785839578436)	(58.0, 0.20251086305756363)	(59.0, 0.13448749584836886)	(60.0, 0.07110381414021122)	(61.0, 0.025838810588914084)	(62.0, 0.010550666560906467)	(63.0, 0.004536460647969567)	(64.0, 0.002131502667728615)	(65.0, 0.0011825584044407695)	(66.0, 0.0006428916287541702)	(67.0, 0.00036219246690375785)	(68.0, 0.00020644970613514196)	(69.0, 0.00014125506209246557)	(70.0, 8.51152297223831e-05)	(71.0, 5.251790770104489e-05)	(72.0, 3.4408284355856996e-05)	(73.0, 1.810962334518789e-05)	(74.0, 9.054811672593946e-06)	(75.0, 1.0865774007112736e-05)	(76.0, 7.243849338075157e-06)	(77.0, 1.4487698676150315e-05)	(78.0, 1.2676736341631524e-05)	(79.0, 0.0)	(80.0, 5.432887003556368e-06)	(81.0, 7.243849338075157e-06)	(82.0, 1.8109623345187893e-06)	(83.0, 1.8109623345187893e-06)	(84.0, 3.6219246690375786e-06)	(85.0, 3.6219246690375786e-06)	(86.0, 1.8109623345187893e-06)	(87.0, 0.0)	(88.0, 0.0)	(89.0, 0.0)	(90.0, 1.8109623345187893e-06)	(91.0, 1.8109623345187893e-06)	(92.0, 0.0)	(93.0, 0.0)	(94.0, 1.8109623345187893e-06)	(95.0, 1.8109623345187893e-06)	(96.0, 0.0)	(97.0, 0.0)	(98.0, 0.0)	(99.0, 1.8109623345187893e-06)	(100.0, 1.8109623345187893e-06)
ERR1797971_1_paired	(0.0, 0.00016004275229000305)	(1.0, 0.00011133408854956732)	(2.0, 4.5229473473261727e-05)	(3.0, 3.827109293891377e-05)	(4.0, 3.827109293891377e-05)	(5.0, 2.4354331870217855e-05)	(6.0, 1.7395951335869895e-05)	(7.0, 3.479190267173979e-05)	(8.0, 4.870866374043571e-05)	(9.0, 5.218785400760968e-05)	(10.0, 9.741732748087142e-05)	(11.0, 0.0001287300398854372)	(12.0, 0.00014612599122130712)	(13.0, 0.00019483465496174284)	(14.0, 0.00025398088950370046)	(15.0, 0.0003618357877860938)	(16.0, 0.0005810247746180545)	(17.0, 0.001179445500571979)	(18.0, 0.002950353346563534)	(19.0, 0.011662245775567176)	(20.0, 0.01998098970438016)	(21.0, 0.017771703884724686)	(22.0, 0.017597744371365985)	(23.0, 0.027478644730140084)	(24.0, 0.05447368201314299)	(25.0, 0.08698323586961665)	(26.0, 0.11836205288925877)	(27.0, 0.17921656985239884)	(28.0, 0.29512579360329994)	(29.0, 0.43003487540323815)	(30.0, 0.5614264958430635)	(31.0, 0.7463350209725589)	(32.0, 1.0309362640176576)	(33.0, 1.4053980332833258)	(34.0, 1.7938148347106289)	(35.0, 2.3400477066569434)	(36.0, 2.8686619590902893)	(37.0, 3.3310150328853068)	(38.0, 4.079935092226376)	(39.0, 4.873197431522577)	(40.0, 5.445082373308765)	(41.0, 5.711932787610743)	(42.0, 6.21817584662616)	(43.0, 6.726495982231079)	(44.0, 6.3997304323380995)	(45.0, 5.660750419590347)	(46.0, 5.445739940269261)	(47.0, 5.405868419807447)	(48.0, 5.528339396402239)	(49.0, 5.893118579154362)	(50.0, 4.582121415390268)	(51.0, 5.199715958906588)	(52.0, 4.454316840115899)	(53.0, 1.353530264780296)	(54.0, 0.7004688556804044)	(55.0, 0.32403438553324854)	(56.0, 0.16914431402893015)	(57.0, 0.13947725862073765)	(58.0, 0.13080363728467292)	(59.0, 0.09682586513545183)	(60.0, 0.06204787922478074)	(61.0, 0.024048163126706545)	(62.0, 0.011286493226712387)	(63.0, 0.007508092596561447)	(64.0, 0.004665594148280306)	(65.0, 0.003266959660876366)	(66.0, 0.0020770765895028655)	(67.0, 0.0012072790227093707)	(68.0, 0.0007828178101141451)	(69.0, 0.000497524208205879)	(70.0, 0.0002992103629769622)	(71.0, 0.00017743870362587293)	(72.0, 9.741732748087142e-05)	(73.0, 6.262542480913162e-05)	(74.0, 6.61046150763056e-05)	(75.0, 6.61046150763056e-05)	(76.0, 6.61046150763056e-05)	(77.0, 5.566704427478366e-05)	(78.0, 3.479190267173979e-05)	(79.0, 3.479190267173979e-05)	(80.0, 3.479190267173979e-05)	(81.0, 1.3916761068695916e-05)	(82.0, 0.0)	(83.0, 0.0)	(84.0, 0.0)	(85.0, 0.0)	(86.0, 0.0)	(87.0, 0.0)	(88.0, 0.0)	(89.0, 0.0)	(90.0, 0.0)	(91.0, 0.0)	(92.0, 0.0)	(93.0, 0.0)	(94.0, 0.0)	(95.0, 0.0)	(96.0, 0.0)	(97.0, 0.0)	(98.0, 0.0)	(99.0, 3.479190267173979e-06)	(100.0, 6.958380534347958e-06)
ERR1797971_2	(0.0, 4.708513581118861e-05)	(1.0, 5.4329002859063776e-05)	(2.0, 6.338383666890774e-05)	(3.0, 9.054833809843963e-05)	(4.0, 9.960317190828359e-05)	(5.0, 0.00011771283952797152)	(6.0, 0.00013763347390962822)	(7.0, 0.00015212120800537856)	(8.0, 0.00020282827734050476)	(9.0, 0.00025715728019956856)	(10.0, 0.00030605338277272593)	(11.0, 0.0003603823856317897)	(12.0, 0.00042014428877675984)	(13.0, 0.0004654184578259797)	(14.0, 0.0005233693942089811)	(15.0, 0.0006972222033579851)	(16.0, 0.0010358729878461495)	(17.0, 0.001805533861682886)	(18.0, 0.0031094299303004165)	(19.0, 0.006597351913852312)	(20.0, 0.0127492060042603)	(21.0, 0.01871271955142353)	(22.0, 0.026099652973494238)	(23.0, 0.03359162246775913)	(24.0, 0.04525968131512406)	(25.0, 0.06937994761778642)	(26.0, 0.10084006220670827)	(27.0, 0.1375248159039101)	(28.0, 0.19571298893272937)	(29.0, 0.27009120481354965)	(30.0, 0.37861519899129153)	(31.0, 0.5358849855009473)	(32.0, 0.741210586006207)	(33.0, 1.0051390709287769)	(34.0, 1.2832963217001356)	(35.0, 1.5976095238742012)	(36.0, 1.9449094856175284)	(37.0, 2.318644129185314)	(38.0, 2.760945596294762)	(39.0, 3.3718027947744553)	(40.0, 4.396958481323273)	(41.0, 5.6012568109328065)	(42.0, 5.9330548971936805)	(43.0, 5.446732450034295)	(44.0, 5.08065095200259)	(45.0, 5.107342791107248)	(46.0, 5.147846873705442)	(47.0, 5.532021740655978)	(48.0, 6.70412470317123)	(49.0, 7.030949874703738)	(50.0, 6.334484655452255)	(51.0, 6.170449097119883)	(52.0, 5.852791039336462)	(53.0, 4.036157762369469)	(54.0, 2.0424354786498338)	(55.0, 1.1024803453513616)	(56.0, 0.592776506328197)	(57.0, 0.3119752440843639)	(58.0, 0.24704665276749677)	(59.0, 0.20865596838052033)	(60.0, 0.1289607540865597)	(61.0, 0.05754527982832035)	(62.0, 0.025733837687576543)	(63.0, 0.01217875147424013)	(64.0, 0.007218513513207608)	(65.0, 0.005023621797701431)	(66.0, 0.0037215366958458685)	(67.0, 0.002732748843810908)	(68.0, 0.0019522221694023582)	(69.0, 0.0014614501769088155)	(70.0, 0.0011300432594685264)	(71.0, 0.0008964285471745522)	(72.0, 0.0007624170067888617)	(73.0, 0.0006664357684045156)	(74.0, 0.0005143145603991371)	(75.0, 0.0004056565546810095)	(76.0, 0.0003332178842022578)	(77.0, 0.000340461751250133)	(78.0, 0.00032597401715438266)	(79.0, 0.00025534631343759976)	(80.0, 0.00025353534667563096)	(81.0, 0.00025896824696153737)	(82.0, 0.00022999277877003665)	(83.0, 0.0001702308756250665)	(84.0, 0.00015212120800537856)	(85.0, 0.00015031024124340979)	(86.0, 0.00013220057362372186)	(87.0, 0.0001231457398138779)	(88.0, 0.0001231457398138779)	(89.0, 0.0001231457398138779)	(90.0, 0.0001249567065758467)	(91.0, 0.00011590187276600273)	(92.0, 9.235930486040842e-05)	(93.0, 9.5981238384346e-05)	(94.0, 9.235930486040842e-05)	(95.0, 7.787157076465807e-05)	(96.0, 9.5981238384346e-05)	(97.0, 0.00010684703895615876)	(98.0, 0.00012857864009978428)	(99.0, 0.00015212120800537856)	(100.0, 0.0002861327483910692)
ERR1797971_2_paired	(0.0, 6.898456411740993e-05)	(1.0, 7.243379232328043e-05)	(2.0, 6.553533591153944e-05)	(3.0, 5.1738423088057446e-05)	(4.0, 5.518765129392795e-05)	(5.0, 6.898456411740993e-05)	(6.0, 7.243379232328043e-05)	(7.0, 8.623070514676241e-05)	(8.0, 0.0001069260743819854)	(9.0, 0.00012072298720546738)	(10.0, 0.00015521526926417234)	(11.0, 0.0002241998333815823)	(12.0, 0.0003104305385283447)	(13.0, 0.00043805198214555305)	(14.0, 0.0006036149360273368)	(15.0, 0.0008830024207028472)	(16.0, 0.0014590235310832202)	(17.0, 0.00305256696219539)	(18.0, 0.0057636603320096)	(19.0, 0.012379280030869213)	(20.0, 0.02408596056159368)	(21.0, 0.035509804379436766)	(22.0, 0.04910321273877239)	(23.0, 0.06267247650066693)	(24.0, 0.08438881728482757)	(25.0, 0.12877003660976327)	(26.0, 0.18717581781976836)	(27.0, 0.2550738750523291)	(28.0, 0.36209997705228475)	(29.0, 0.49728212889676127)	(30.0, 0.6900629425510691)	(31.0, 0.9615620423197536)	(32.0, 1.309689195910057)	(33.0, 1.742360382054452)	(34.0, 2.1932227977566083)	(35.0, 2.6886940818452874)	(36.0, 3.1903084413686225)	(37.0, 3.682109746646255)	(38.0, 4.237518269268346)	(39.0, 5.008206921131638)	(40.0, 6.3614288262279866)	(41.0, 7.83798133505344)	(42.0, 7.62843037386219)	(43.0, 6.074925583763766)	(44.0, 4.944961872748797)	(45.0, 4.662670137923943)	(46.0, 4.538146101235607)	(47.0, 5.192975177663708)	(48.0, 7.275432910045197)	(49.0, 7.507838457328546)	(50.0, 4.841950672380474)	(51.0, 2.2277323259563424)	(52.0, 1.133609545228574)	(53.0, 0.7939571453400944)	(54.0, 0.5227822730227618)	(55.0, 0.32342378117985887)	(56.0, 0.18877970893549817)	(57.0, 0.13067745980760964)	(58.0, 0.13132936393851916)	(59.0, 0.11883625937685621)	(60.0, 0.06787391263511963)	(61.0, 0.029828925524368055)	(62.0, 0.015159357964800833)	(63.0, 0.009499174478967348)	(64.0, 0.006963991747652532)	(65.0, 0.005729168049950896)	(66.0, 0.004290839888102898)	(67.0, 0.0027455856518729155)	(68.0, 0.0015142111823771482)	(69.0, 0.0007726271181149913)	(70.0, 0.00041045815649858915)	(71.0, 0.00021040292055810028)	(72.0, 0.0001276214436172084)	(73.0, 7.933224873502142e-05)	(74.0, 5.518765129392795e-05)	(75.0, 5.518765129392795e-05)	(76.0, 4.139073847044596e-05)	(77.0, 1.7246141029352483e-05)	(78.0, 1.034768461761149e-05)	(79.0, 6.898456411740993e-06)	(80.0, 0.0)	(81.0, 3.4492282058704967e-06)	(82.0, 3.4492282058704967e-06)	(83.0, 0.0)	(84.0, 0.0)	(85.0, 0.0)	(86.0, 0.0)	(87.0, 0.0)	(88.0, 0.0)	(89.0, 0.0)	(90.0, 0.0)	(91.0, 0.0)	(92.0, 0.0)	(93.0, 0.0)	(94.0, 0.0)	(95.0, 3.4492282058704967e-06)	(96.0, 6.898456411740993e-06)	(97.0, 1.3796912823481987e-05)	(98.0, 5.863687949979845e-05)	(99.0, 0.00023109828979332327)	(100.0, 0.00048289194882186954)
ERR1797972_1	(0.0, 8.124408476128891e-05)	(1.0, 5.539369415542425e-05)	(2.0, 2.400393413401718e-05)	(3.0, 1.2925195302932325e-05)	(4.0, 1.107873883108485e-05)	(5.0, 1.6618108246627278e-05)	(6.0, 1.107873883108485e-05)	(7.0, 5.539369415542425e-06)	(8.0, 1.107873883108485e-05)	(9.0, 1.47716517747798e-05)	(10.0, 1.6618108246627278e-05)	(11.0, 2.0311021190322228e-05)	(12.0, 2.95433035495596e-05)	(13.0, 3.877558590879698e-05)	(14.0, 5.90866070991192e-05)	(15.0, 9.232282359237376e-05)	(16.0, 0.00019203147307213743)	(17.0, 0.0005742479627445648)	(18.0, 0.001181732141982384)	(19.0, 0.002673668971235144)	(20.0, 0.004555208116047721)	(21.0, 0.006534609453868215)	(22.0, 0.009810223234925636)	(23.0, 0.01930839532610905)	(24.0, 0.03763078289625154)	(25.0, 0.05527921385416971)	(26.0, 0.07197302681614273)	(27.0, 0.12840258305227342)	(28.0, 0.19666977172941827)	(29.0, 0.2616225710395969)	(30.0, 0.3512034067712772)	(31.0, 0.47698402163352716)	(32.0, 0.6796400052446749)	(33.0, 1.0393297259605632)	(34.0, 1.4319214545483014)	(35.0, 1.8874847346519261)	(36.0, 2.3118761365978213)	(37.0, 2.902727435937239)	(38.0, 3.911575858460544)	(39.0, 4.897352807368114)	(40.0, 5.768924577035447)	(41.0, 6.5366387095307745)	(42.0, 7.145191987065794)	(43.0, 7.655439922039653)	(44.0, 7.924902547258715)	(45.0, 7.833094885021986)	(46.0, 7.2888019856202035)	(47.0, 6.453876837549627)	(48.0, 5.593921125546688)	(49.0, 4.796418110791045)	(50.0, 3.681836051320337)	(51.0, 2.779280742055404)	(52.0, 2.2427632708565706)	(53.0, 1.4753482643096822)	(54.0, 0.8595771884262113)	(55.0, 0.4735939275512152)	(56.0, 0.2875375876219762)	(57.0, 0.2124181989778054)	(58.0, 0.14066674693828435)	(59.0, 0.07831191188399513)	(60.0, 0.04359114438737519)	(61.0, 0.01930839532610905)	(62.0, 0.011051041984007139)	(63.0, 0.0064718299338254)	(64.0, 0.002149275333230461)	(65.0, 0.0008881455629586356)	(66.0, 0.0004357637273560042)	(67.0, 0.000221574776621697)	(68.0, 0.0001107873883108485)	(69.0, 7.201180240205153e-05)	(70.0, 2.95433035495596e-05)	(71.0, 2.21574776621697e-05)	(72.0, 2.400393413401718e-05)	(73.0, 1.846456471847475e-05)	(74.0, 1.107873883108485e-05)	(75.0, 7.3858258873899e-06)	(76.0, 3.69291294369495e-06)	(77.0, 1.846456471847475e-06)	(78.0, 3.69291294369495e-06)	(79.0, 1.846456471847475e-06)	(80.0, 1.846456471847475e-06)	(81.0, 1.846456471847475e-06)	(82.0, 0.0)	(83.0, 1.846456471847475e-06)	(84.0, 3.69291294369495e-06)	(85.0, 1.846456471847475e-06)	(86.0, 1.846456471847475e-06)	(87.0, 3.69291294369495e-06)	(88.0, 3.69291294369495e-06)	(89.0, 1.846456471847475e-06)	(90.0, 0.0)	(91.0, 0.0)	(92.0, 0.0)	(93.0, 0.0)	(94.0, 0.0)	(95.0, 0.0)	(96.0, 0.0)	(97.0, 0.0)	(98.0, 0.0)	(99.0, 1.846456471847475e-06)	(100.0, 3.69291294369495e-06)
ERR1797972_1_paired	(0.0, 0.0001420582629946642)	(1.0, 8.523495779679852e-05)	(2.0, 1.4205826299466418e-05)	(3.0, 0.0)	(4.0, 0.0)	(5.0, 0.0)	(6.0, 0.0)	(7.0, 0.0)	(8.0, 3.5514565748666045e-06)	(9.0, 3.5514565748666045e-06)	(10.0, 3.5514565748666045e-06)	(11.0, 1.0654369724599814e-05)	(12.0, 2.130873944919963e-05)	(13.0, 3.906602232353265e-05)	(14.0, 9.233787094653173e-05)	(15.0, 0.00019533011161766323)	(16.0, 0.00045103498500805874)	(17.0, 0.0012643185406525112)	(18.0, 0.0024824681458317567)	(19.0, 0.005323633405725041)	(20.0, 0.009127243397407175)	(21.0, 0.013161698066455637)	(22.0, 0.01929861502782513)	(23.0, 0.03702393479298435)	(24.0, 0.06817376041113934)	(25.0, 0.09475641287401587)	(26.0, 0.12435070051237929)	(27.0, 0.23166861529169835)	(28.0, 0.35911618593736133)	(29.0, 0.47584190918350205)	(30.0, 0.6298046546171191)	(31.0, 0.8366130738847513)	(32.0, 1.1560275267716789)	(33.0, 1.7439463025448212)	(34.0, 2.3467172697140555)	(35.0, 3.0008849164347593)	(36.0, 3.5580622840958567)	(37.0, 4.292950987306703)	(38.0, 5.569092326896945)	(39.0, 6.627248813378451)	(40.0, 7.353866174226434)	(41.0, 7.730075520658628)	(42.0, 7.692121104243029)	(43.0, 7.539990910402042)	(44.0, 7.201181953159769)	(45.0, 6.608852268320642)	(46.0, 5.700631175516855)	(47.0, 4.614031073327244)	(48.0, 3.724160356645793)	(49.0, 3.24420941220517)	(50.0, 2.43138754591545)	(51.0, 1.7060593638041441)	(52.0, 1.2776436057214107)	(53.0, 0.7050031961333445)	(54.0, 0.45752704762691493)	(55.0, 0.2554882345393287)	(56.0, 0.13821913843723338)	(57.0, 0.12075662645861429)	(58.0, 0.11052843152299847)	(59.0, 0.0760473396376186)	(60.0, 0.04479807323536735)	(61.0, 0.020921630682539168)	(62.0, 0.016063238088121653)	(63.0, 0.012174393138642721)	(64.0, 0.005668124693487101)	(65.0, 0.003160796351631278)	(66.0, 0.001672736046762171)	(67.0, 0.0010121651238369823)	(68.0, 0.0006747767492246548)	(69.0, 0.0004119689626845262)	(70.0, 0.00025215341681552895)	(71.0, 0.00013495534984493096)	(72.0, 6.0374761772732284e-05)	(73.0, 5.682330519786567e-05)	(74.0, 0.00011009515382086473)	(75.0, 0.0001491611761443974)	(76.0, 0.00017757282874333023)	(77.0, 0.0002059844813422631)	(78.0, 0.00019177865504279665)	(79.0, 0.00013850680641979758)	(80.0, 9.588932752139832e-05)	(81.0, 5.327184862299907e-05)	(82.0, 1.7757282874333023e-05)	(83.0, 7.102913149733209e-06)	(84.0, 0.0)	(85.0, 0.0)	(86.0, 0.0)	(87.0, 0.0)	(88.0, 0.0)	(89.0, 0.0)	(90.0, 0.0)	(91.0, 0.0)	(92.0, 0.0)	(93.0, 0.0)	(94.0, 0.0)	(95.0, 0.0)	(96.0, 0.0)	(97.0, 0.0)	(98.0, 0.0)	(99.0, 3.5514565748666045e-06)	(100.0, 7.102913149733209e-06)
ERR1797972_2	(0.0, 5.53938179169753e-05)	(1.0, 5.170089672251028e-05)	(2.0, 5.3547357319742785e-05)	(3.0, 6.647258150037037e-05)	(4.0, 7.570488448653292e-05)	(5.0, 9.786241165332303e-05)	(6.0, 0.00013109870240350822)	(7.0, 0.00015510269016753083)	(8.0, 0.00020495712629280865)	(9.0, 0.0002511186412236214)	(10.0, 0.0002640438654042489)	(11.0, 0.0003471345922797119)	(12.0, 0.00042099301616901235)	(13.0, 0.0005299341914057304)	(14.0, 0.0006130249182811934)	(15.0, 0.0007478165418791666)	(16.0, 0.0011484984914786212)	(17.0, 0.002084654014275504)	(18.0, 0.0031999162150039397)	(19.0, 0.004800797552804526)	(20.0, 0.006972235215149958)	(21.0, 0.009860099589221603)	(22.0, 0.017436127419666592)	(23.0, 0.03175358289060748)	(24.0, 0.057882846802044724)	(25.0, 0.10662202072659406)	(26.0, 0.15583942794582661)	(27.0, 0.1917050785864709)	(28.0, 0.23575424259404967)	(29.0, 0.311732403248973)	(30.0, 0.43802107579669053)	(31.0, 0.6047047668300637)	(32.0, 0.844260871793815)	(33.0, 1.1832784232880929)	(34.0, 1.5492118309082288)	(35.0, 1.9466384704747628)	(36.0, 2.4562006621112267)	(37.0, 3.03250317203466)	(38.0, 3.787823729780979)	(39.0, 4.904729280440953)	(40.0, 6.042523839837417)	(41.0, 6.809201976717313)	(42.0, 7.189650411092295)	(43.0, 7.4571268467467995)	(44.0, 7.561056727922627)	(45.0, 7.2224306260749636)	(46.0, 6.54263953905844)	(47.0, 5.781365992346642)	(48.0, 5.191351666028161)	(49.0, 4.613115911859425)	(50.0, 3.827677735311646)	(51.0, 3.048800033265834)	(52.0, 2.3698564716634403)	(53.0, 1.6379084121568899)	(54.0, 0.9976038850121833)	(55.0, 0.6026090340522048)	(56.0, 0.36513758310272887)	(57.0, 0.25137899216783116)	(58.0, 0.2093793994231805)	(59.0, 0.17716235492266766)	(60.0, 0.11639164374655127)	(61.0, 0.04901798947473144)	(62.0, 0.02042000774479433)	(63.0, 0.009175062707648342)	(64.0, 0.004407501445594001)	(65.0, 0.0028121594895851127)	(66.0, 0.0019886380632194137)	(67.0, 0.0014827078595777057)	(68.0, 0.0010524825404225307)	(69.0, 0.0007958245174072119)	(70.0, 0.0006499541302258435)	(71.0, 0.0005520917185725205)	(72.0, 0.00046530807050259253)	(73.0, 0.00037483150123819955)	(74.0, 0.00033790228929354935)	(75.0, 0.0003323629075018518)	(76.0, 0.0002917407743627366)	(77.0, 0.00022711465345959874)	(78.0, 0.00021418942927897114)	(79.0, 0.0002012642050983436)	(80.0, 0.00016987437494539093)	(81.0, 0.00016987437494539093)	(82.0, 0.00017172083554262344)	(83.0, 0.00014217746598690326)	(84.0, 0.00012186639941734566)	(85.0, 0.00012371286001457819)	(86.0, 0.00010524825404225309)	(87.0, 8.493718747269547e-05)	(88.0, 0.00011263409643118313)	(89.0, 0.00010340179344502056)	(90.0, 6.831904209760288e-05)	(91.0, 7.38584238893004e-05)	(92.0, 9.786241165332303e-05)	(93.0, 8.493718747269547e-05)	(94.0, 7.755134508376541e-05)	(95.0, 9.970887225055556e-05)	(96.0, 9.786241165332303e-05)	(97.0, 0.00011263409643118313)	(98.0, 0.00013663808419520575)	(99.0, 0.00015325622957029834)	(100.0, 0.0002935872349599691)
ERR1797972_2_paired	(0.0, 9.156852516493253e-05)	(1.0, 5.987172799245588e-05)	(2.0, 2.465306446748183e-05)	(3.0, 1.7609331762487024e-05)	(4.0, 1.7609331762487024e-05)	(5.0, 2.1131198114984428e-05)	(6.0, 1.7609331762487024e-05)	(7.0, 1.408746540998962e-05)	(8.0, 1.7609331762487024e-05)	(9.0, 2.1131198114984428e-05)	(10.0, 3.521866352497405e-05)	(11.0, 6.339359434495329e-05)	(12.0, 0.0001338309213949014)	(13.0, 0.0002676618427898028)	(14.0, 0.0004930612893496366)	(15.0, 0.0009368164497643096)	(16.0, 0.0017609331762487024)	(17.0, 0.003585259946842358)	(18.0, 0.0059977383983030805)	(19.0, 0.009332945834118122)	(20.0, 0.014062812345522136)	(21.0, 0.02053248083505987)	(22.0, 0.03575750907690615)	(23.0, 0.06354855646446317)	(24.0, 0.10990688326238651)	(25.0, 0.19387874270498212)	(26.0, 0.28427448637453306)	(27.0, 0.3544265422499288)	(28.0, 0.43821174277584213)	(29.0, 0.5793470149858231)	(30.0, 0.8063982168649783)	(31.0, 1.0953849604191528)	(32.0, 1.4964410131761472)	(33.0, 2.0534206549572596)	(34.0, 2.6221703740884177)	(35.0, 3.203560071558689)	(36.0, 3.9493645778289497)	(37.0, 4.716444678734647)	(38.0, 5.61441494263091)	(39.0, 6.936770102003111)	(40.0, 8.157205971000389)	(41.0, 8.58564453464805)	(42.0, 8.20391296256721)	(43.0, 7.633930590212677)	(44.0, 7.018892981610645)	(45.0, 6.0369438145390815)	(46.0, 4.790361609740863)	(47.0, 3.7037777933366005)	(48.0, 3.076695401809028)	(49.0, 2.5479435188431823)	(50.0, 1.8476697007780085)	(51.0, 1.189436401362596)	(52.0, 0.8059650273036212)	(53.0, 0.6014960324766793)	(54.0, 0.39880910202410114)	(55.0, 0.23411958764861748)	(56.0, 0.14431551752628616)	(57.0, 0.10815299381884282)	(58.0, 0.09874256692496974)	(59.0, 0.07898841855381179)	(60.0, 0.04494605839057188)	(61.0, 0.022656166245615807)	(62.0, 0.0132985673470302)	(63.0, 0.009745004197360319)	(64.0, 0.008487697909518746)	(65.0, 0.009033587194155843)	(66.0, 0.007867849431479203)	(67.0, 0.00472282277869902)	(68.0, 0.0020884667470309607)	(69.0, 0.0008875103208293459)	(70.0, 0.00047897382393964703)	(71.0, 0.00025357437737981317)	(72.0, 0.00013030905504240399)	(73.0, 8.100292610744031e-05)	(74.0, 5.987172799245588e-05)	(75.0, 4.578426258246626e-05)	(76.0, 2.817493081997924e-05)	(77.0, 1.408746540998962e-05)	(78.0, 7.04373270499481e-06)	(79.0, 7.04373270499481e-06)	(80.0, 1.0565599057492214e-05)	(81.0, 1.0565599057492214e-05)	(82.0, 3.521866352497405e-06)	(83.0, 0.0)	(84.0, 0.0)	(85.0, 0.0)	(86.0, 0.0)	(87.0, 0.0)	(88.0, 0.0)	(89.0, 0.0)	(90.0, 0.0)	(91.0, 0.0)	(92.0, 0.0)	(93.0, 3.521866352497405e-06)	(94.0, 7.04373270499481e-06)	(95.0, 1.0565599057492214e-05)	(96.0, 7.04373270499481e-06)	(97.0, 3.521866352497405e-06)	(98.0, 2.465306446748183e-05)	(99.0, 0.0002747055754947976)	(100.0, 0.000574064215457077)
ERR1797973_1	(0.0, 7.0971288210498e-05)	(1.0, 6.053433406189536e-05)	(2.0, 3.757303493496953e-05)	(3.0, 1.4611735808043707e-05)	(4.0, 6.262172489161589e-06)	(5.0, 1.0436954148602648e-05)	(6.0, 1.4611735808043707e-05)	(7.0, 1.0436954148602648e-05)	(8.0, 6.262172489161589e-06)	(9.0, 1.2524344978323178e-05)	(10.0, 1.0436954148602648e-05)	(11.0, 2.5048689956646356e-05)	(12.0, 3.5485644105249e-05)	(13.0, 4.383520742413112e-05)	(14.0, 6.262172489161589e-05)	(15.0, 9.393258733742384e-05)	(16.0, 0.0002191760371206556)	(17.0, 0.0007556354803588316)	(18.0, 0.0013964644650830342)	(19.0, 0.002870162390865728)	(20.0, 0.005072359716220887)	(21.0, 0.007545917849439714)	(22.0, 0.011380454803636326)	(23.0, 0.021723476364901552)	(24.0, 0.042399082533283394)	(25.0, 0.06316653389817294)	(26.0, 0.0843619003831552)	(27.0, 0.15864170305876024)	(28.0, 0.2373071138676081)	(29.0, 0.31375989039695223)	(30.0, 0.4218783858131568)	(31.0, 0.5610426450397947)	(32.0, 0.7915678261016409)	(33.0, 1.2338838555285914)	(34.0, 1.682846137357372)	(35.0, 2.168932665092732)	(36.0, 2.6282254441378)	(37.0, 3.28386029201721)	(38.0, 4.3678506994544)	(39.0, 5.321068158800428)	(40.0, 6.1143121597383345)	(41.0, 6.7942108386224165)	(42.0, 7.3424682148301725)	(43.0, 7.693093514670819)	(44.0, 7.698011407465641)	(45.0, 7.424815783062648)	(46.0, 6.830389496483133)	(47.0, 6.010892381079831)	(48.0, 5.170861602084568)	(49.0, 4.456535586245907)	(50.0, 3.3684434558283156)	(51.0, 2.4145413322901392)	(52.0, 1.97303521050512)	(53.0, 1.3769828464692526)	(54.0, 0.8110306581979551)	(55.0, 0.42276552691578806)	(56.0, 0.24821164356206815)	(57.0, 0.17605471736028888)	(58.0, 0.11771840584208926)	(59.0, 0.06811991233709976)	(60.0, 0.03831823346117976)	(61.0, 0.01770524901768953)	(62.0, 0.010084185098379878)	(63.0, 0.005736150000072015)	(64.0, 0.0018786517467484765)	(65.0, 0.0007118002729347005)	(66.0, 0.0003214581877769615)	(67.0, 0.00016907865720736288)	(68.0, 9.18451965077033e-05)	(69.0, 5.635955240245429e-05)	(70.0, 3.757303493496953e-05)	(71.0, 2.0873908297205296e-05)	(72.0, 1.8786517467484765e-05)	(73.0, 1.6699126637764237e-05)	(74.0, 6.262172489161589e-06)	(75.0, 4.174781659441059e-06)	(76.0, 2.0873908297205296e-06)	(77.0, 6.262172489161589e-06)	(78.0, 6.262172489161589e-06)	(79.0, 4.174781659441059e-06)	(80.0, 6.262172489161589e-06)	(81.0, 4.174781659441059e-06)	(82.0, 4.174781659441059e-06)	(83.0, 4.174781659441059e-06)	(84.0, 4.174781659441059e-06)	(85.0, 6.262172489161589e-06)	(86.0, 4.174781659441059e-06)	(87.0, 0.0)	(88.0, 0.0)	(89.0, 0.0)	(90.0, 0.0)	(91.0, 0.0)	(92.0, 0.0)	(93.0, 0.0)	(94.0, 0.0)	(95.0, 0.0)	(96.0, 0.0)	(97.0, 0.0)	(98.0, 0.0)	(99.0, 2.0873908297205296e-06)	(100.0, 2.0873908297205296e-06)
ERR1797973_1_paired	(0.0, 9.280431400139756e-05)	(1.0, 6.067974377014457e-05)	(2.0, 2.8555173538891557e-05)	(3.0, 1.4277586769445778e-05)	(4.0, 3.5693966923614446e-06)	(5.0, 3.5693966923614446e-06)	(6.0, 0.0)	(7.0, 0.0)	(8.0, 0.0)	(9.0, 3.5693966923614446e-06)	(10.0, 1.4277586769445778e-05)	(11.0, 1.7846983461807222e-05)	(12.0, 1.7846983461807222e-05)	(13.0, 6.424914046250601e-05)	(14.0, 0.00010708190077084333)	(15.0, 0.00019631681807987948)	(16.0, 0.0004354663964680962)	(17.0, 0.0013992035034056864)	(18.0, 0.002591381998654409)	(19.0, 0.005239874344386601)	(20.0, 0.009255445623293225)	(21.0, 0.01371005269536031)	(22.0, 0.020320575369613705)	(23.0, 0.03789985407949382)	(24.0, 0.06951400058373913)	(25.0, 0.09841897499848211)	(26.0, 0.13252099099730336)	(27.0, 0.2581708933618109)	(28.0, 0.3899565886404878)	(29.0, 0.5144500064766703)	(30.0, 0.6837857549589896)	(31.0, 0.8921742726524354)	(32.0, 1.226480397462316)	(33.0, 1.8906309012166254)	(34.0, 2.529870585454944)	(35.0, 3.176067023846675)	(36.0, 3.7405635413469454)	(37.0, 4.527536985285412)	(38.0, 5.853028877597142)	(39.0, 6.80961291356324)	(40.0, 7.41076356569737)	(41.0, 7.751341120495729)	(42.0, 7.779996237142008)	(43.0, 7.533914890377225)	(44.0, 6.983149841952469)	(45.0, 6.3032475905947685)	(46.0, 5.448469887088204)	(47.0, 4.449406461086312)	(48.0, 3.5430938081354335)	(49.0, 3.0911510765353962)	(50.0, 2.308646517255766)	(51.0, 1.5435998771984762)	(52.0, 1.1585512090099854)	(53.0, 0.672799151939901)	(54.0, 0.4350523464517823)	(55.0, 0.22880903617044568)	(56.0, 0.12003881076411539)	(57.0, 0.09789070428801261)	(58.0, 0.09041281821751539)	(59.0, 0.06831468329510569)	(60.0, 0.04165842879655042)	(61.0, 0.018917802469515656)	(62.0, 0.01381356519943879)	(63.0, 0.010158502986460672)	(64.0, 0.004936475625535878)	(65.0, 0.002801976403503734)	(66.0, 0.0014563138504834696)	(67.0, 0.0010065698672459273)	(68.0, 0.0007067405450875661)	(69.0, 0.0003747866526979517)	(70.0, 0.00020345561146460232)	(71.0, 0.00013920647100209636)	(72.0, 7.495733053959034e-05)	(73.0, 4.640215700069878e-05)	(74.0, 7.852672723195178e-05)	(75.0, 0.00011779009084792767)	(76.0, 0.00014991466107918067)	(77.0, 0.00015348405777154212)	(78.0, 0.00011779009084792767)	(79.0, 8.566552061667468e-05)	(80.0, 5.711034707778311e-05)	(81.0, 2.4985776846530113e-05)	(82.0, 7.138793384722889e-06)	(83.0, 3.5693966923614446e-06)	(84.0, 0.0)	(85.0, 0.0)	(86.0, 0.0)	(87.0, 0.0)	(88.0, 0.0)	(89.0, 0.0)	(90.0, 0.0)	(91.0, 0.0)	(92.0, 0.0)	(93.0, 0.0)	(94.0, 0.0)	(95.0, 0.0)	(96.0, 0.0)	(97.0, 0.0)	(98.0, 0.0)	(99.0, 0.0)	(100.0, 0.0)
ERR1797973_2	(0.0, 6.67966431931434e-05)	(1.0, 5.427227259442901e-05)	(2.0, 5.218487749464327e-05)	(3.0, 8.76705941910007e-05)	(4.0, 9.602017459014362e-05)	(5.0, 0.00011898152068778666)	(6.0, 0.0001669916079828585)	(7.0, 0.00017951597858157286)	(8.0, 0.00019204034918028723)	(9.0, 0.00024631262177471624)	(10.0, 0.0003381580061652884)	(11.0, 0.00041956641505693187)	(12.0, 0.00041539162485736044)	(13.0, 0.0005134991945472898)	(14.0, 0.000659616851532291)	(15.0, 0.0007952975330183634)	(16.0, 0.0012837479863682245)	(17.0, 0.0023608438578576617)	(18.0, 0.003655028819724815)	(19.0, 0.005427227259442901)	(20.0, 0.008176326605860708)	(21.0, 0.011434750356626234)	(22.0, 0.01937311392111137)	(23.0, 0.03593868143301093)	(24.0, 0.0685646668426619)	(25.0, 0.1283393129201261)	(26.0, 0.18570301765733777)	(27.0, 0.22535308757776776)	(28.0, 0.27453420352381935)	(29.0, 0.35848714704210166)	(30.0, 0.49643891439674104)	(31.0, 0.6805680361488404)	(32.0, 0.9543132043249407)	(33.0, 1.3517177456074476)	(34.0, 1.779322719193654)	(35.0, 2.23392397360539)	(36.0, 2.797526912732837)	(37.0, 3.401368567198853)	(38.0, 4.178453577971586)	(39.0, 5.369540008465222)	(40.0, 6.560868576790433)	(41.0, 7.241943849948522)	(42.0, 7.426943415457233)	(43.0, 7.520095509180269)	(44.0, 7.475988850721797)	(45.0, 6.991633866557716)	(46.0, 6.178249054999709)	(47.0, 5.316355268717782)	(48.0, 4.689266295025451)	(49.0, 4.11275072981073)	(50.0, 3.371285029020741)	(51.0, 2.6534173298338293)	(52.0, 2.051805013334384)	(53.0, 1.4182388526474192)	(54.0, 0.8614783946570701)	(55.0, 0.5191288991314119)	(56.0, 0.31750531904800844)	(57.0, 0.22498570604020546)	(58.0, 0.18289338385302617)	(59.0, 0.1423248600886905)	(60.0, 0.08908376067355564)	(61.0, 0.038130446287785946)	(62.0, 0.015970659908460628)	(63.0, 0.006951025682286485)	(64.0, 0.003819933032607888)	(65.0, 0.0025654085776366633)	(66.0, 0.0016114690170345844)	(67.0, 0.0012065143676761524)	(68.0, 0.0009497647704025075)	(69.0, 0.0007514622359228631)	(70.0, 0.0005782084426406475)	(71.0, 0.00044878994645393216)	(72.0, 0.0003652941424625029)	(73.0, 0.0003381580061652884)	(74.0, 0.00035276977186378855)	(75.0, 0.00027971094337128795)	(76.0, 0.00022335127567707323)	(77.0, 0.00021500169527793026)	(78.0, 0.00017951597858157286)	(79.0, 0.0001607294226835013)	(80.0, 0.000162816817783287)	(81.0, 0.0001607294226835013)	(82.0, 0.00014611765698500118)	(83.0, 0.00012733110108692958)	(84.0, 0.00010645715008907227)	(85.0, 9.184538439057217e-05)	(86.0, 9.602017459014362e-05)	(87.0, 8.76705941910007e-05)	(88.0, 8.349580399142924e-05)	(89.0, 8.558319909121497e-05)	(90.0, 8.14084088916435e-05)	(91.0, 8.349580399142924e-05)	(92.0, 7.932101379185779e-05)	(93.0, 8.975798929078643e-05)	(94.0, 8.76705941910007e-05)	(95.0, 8.14084088916435e-05)	(96.0, 8.558319909121497e-05)	(97.0, 9.602017459014362e-05)	(98.0, 0.00012315631088735812)	(99.0, 0.0001816033736813586)	(100.0, 0.00031519666006764535)
ERR1797973_2_paired	(0.0, 7.084719931102516e-05)	(1.0, 3.8965959621063836e-05)	(2.0, 1.4169439862205032e-05)	(3.0, 2.1254159793307547e-05)	(4.0, 1.4169439862205032e-05)	(5.0, 1.4169439862205032e-05)	(6.0, 2.1254159793307547e-05)	(7.0, 3.188123968996132e-05)	(8.0, 3.8965959621063836e-05)	(9.0, 4.9593039517717614e-05)	(10.0, 7.438955927657641e-05)	(11.0, 9.21013591043327e-05)	(12.0, 0.00017711799827756287)	(13.0, 0.0003188123968996132)	(14.0, 0.0004959303951771761)	(15.0, 0.0009139288711122245)	(16.0, 0.0017357563831201163)	(17.0, 0.0035884106451034244)	(18.0, 0.006135367460334778)	(19.0, 0.00960333786660946)	(20.0, 0.014722048016831028)	(21.0, 0.021250617433341997)	(22.0, 0.03600100432989743)	(23.0, 0.0644709513730329)	(24.0, 0.11579620491390508)	(25.0, 0.208882340088661)	(26.0, 0.30316225057180773)	(27.0, 0.37234808305898937)	(28.0, 0.45786065262739667)	(29.0, 0.5986659188980937)	(30.0, 0.820768346378192)	(31.0, 1.1061231534031735)	(32.0, 1.5204588291338421)	(33.0, 2.1169214001333625)	(34.0, 2.7323391393085483)	(35.0, 3.3542252277808307)	(36.0, 4.11630375424977)	(37.0, 4.86368148686167)	(38.0, 5.748942038772689)	(39.0, 7.128464534317108)	(40.0, 8.388634295542209)	(41.0, 8.736214197722065)	(42.0, 8.228838437496192)	(43.0, 7.611500739219677)	(44.0, 6.987978080443311)	(45.0, 5.989780008110587)	(46.0, 4.701494535838906)	(47.0, 3.5182329518258877)	(48.0, 2.8208697995676055)	(49.0, 2.297471945217545)	(50.0, 1.6528864140860102)	(51.0, 1.049346207875318)	(52.0, 0.7085605521093903)	(53.0, 0.5343083230439585)	(54.0, 0.35168903973989446)	(55.0, 0.20477320252862155)	(56.0, 0.12611509949355587)	(57.0, 0.09330576149262013)	(58.0, 0.08458447125743293)	(59.0, 0.06797434537896309)	(60.0, 0.03854441878516324)	(61.0, 0.019819504007259285)	(62.0, 0.012284904360531762)	(63.0, 0.009472270547884064)	(64.0, 0.009408508068504141)	(65.0, 0.010687300016068145)	(66.0, 0.009458101108021857)	(67.0, 0.005593386385605436)	(68.0, 0.0024017200566437526)	(69.0, 0.0009599795506643908)	(70.0, 0.00046759151545276603)	(71.0, 0.00027276171734744685)	(72.0, 0.00014169439862205031)	(73.0, 7.084719931102516e-05)	(74.0, 6.376247937992264e-05)	(75.0, 4.9593039517717614e-05)	(76.0, 2.8338879724410064e-05)	(77.0, 1.4169439862205032e-05)	(78.0, 1.0627079896653773e-05)	(79.0, 3.542359965551258e-06)	(80.0, 0.0)	(81.0, 0.0)	(82.0, 3.542359965551258e-06)	(83.0, 7.084719931102516e-06)	(84.0, 7.084719931102516e-06)	(85.0, 3.542359965551258e-06)	(86.0, 3.542359965551258e-06)	(87.0, 7.084719931102516e-06)	(88.0, 7.084719931102516e-06)	(89.0, 3.542359965551258e-06)	(90.0, 0.0)	(91.0, 0.0)	(92.0, 0.0)	(93.0, 0.0)	(94.0, 0.0)	(95.0, 0.0)	(96.0, 3.542359965551258e-06)	(97.0, 2.4796519758858807e-05)	(98.0, 6.0220119414371386e-05)	(99.0, 0.0002444228376230368)	(100.0, 0.0004746762353838686)
ERR1797974_1	(0.0, 2.5817356531174816e-05)	(1.0, 3.657458841916432e-05)	(2.0, 3.872603479676222e-05)	(3.0, 2.5817356531174816e-05)	(4.0, 1.721157102078321e-05)	(5.0, 6.454339132793704e-06)	(6.0, 4.302892755195803e-06)	(7.0, 8.605785510391605e-06)	(8.0, 1.0757231887989505e-05)	(9.0, 1.0757231887989505e-05)	(10.0, 1.721157102078321e-05)	(11.0, 2.151446377597901e-05)	(12.0, 1.2908678265587408e-05)	(13.0, 2.151446377597901e-05)	(14.0, 4.302892755195802e-05)	(15.0, 9.896653336950346e-05)	(16.0, 0.00023450765515817121)	(17.0, 0.0006669483770553493)	(18.0, 0.0013145337367123176)	(19.0, 0.002887241038736383)	(20.0, 0.004862268813371257)	(21.0, 0.007157862098268217)	(22.0, 0.010953013508350914)	(23.0, 0.02022144450304267)	(24.0, 0.038747549260538194)	(25.0, 0.06041046283657146)	(26.0, 0.0816861160646371)	(27.0, 0.1507626049101729)	(28.0, 0.23008212995945235)	(29.0, 0.3058646771639608)	(30.0, 0.40628343683834284)	(31.0, 0.5396709608030351)	(32.0, 0.7731394673608265)	(33.0, 1.1942184009379102)	(34.0, 1.6260782323131366)	(35.0, 2.0767137362256607)	(36.0, 2.5101247604391355)	(37.0, 3.0983624717700655)	(38.0, 4.076470235524644)	(39.0, 4.993167113877068)	(40.0, 5.719977334942701)	(41.0, 6.2773073676130595)	(42.0, 6.681865344456569)	(43.0, 7.032665130663039)	(44.0, 7.156644379618496)	(45.0, 6.9694212129471715)	(46.0, 6.596558344138435)	(47.0, 6.0746411188433385)	(48.0, 5.473597998672944)	(49.0, 4.941084899968178)	(50.0, 4.0146871498991645)	(51.0, 3.037792801901552)	(52.0, 2.3537813036254733)	(53.0, 1.7900937469093128)	(54.0, 1.3628100419792368)	(55.0, 0.8802191050202517)	(56.0, 0.5516308512161019)	(57.0, 0.3559869234228591)	(58.0, 0.22341910052803166)	(59.0, 0.14498166849356736)	(60.0, 0.08694640245786397)	(61.0, 0.037704097767403216)	(62.0, 0.015021398608388544)	(63.0, 0.006357524045801797)	(64.0, 0.002149294931220303)	(65.0, 0.0009487878525206744)	(66.0, 0.000501287005980311)	(67.0, 0.000281839475465325)	(68.0, 0.00015490413918704888)	(69.0, 9.036074785911185e-05)	(70.0, 5.378615943994752e-05)	(71.0, 3.0120249286370615e-05)	(72.0, 1.721157102078321e-05)	(73.0, 2.151446377597901e-05)	(74.0, 1.936301739838111e-05)	(75.0, 6.454339132793704e-06)	(76.0, 0.0)	(77.0, 4.302892755195803e-06)	(78.0, 1.0757231887989505e-05)	(79.0, 6.454339132793704e-06)	(80.0, 2.1514463775979013e-06)	(81.0, 2.1514463775979013e-06)	(82.0, 0.0)	(83.0, 2.1514463775979013e-06)	(84.0, 2.1514463775979013e-06)	(85.0, 0.0)	(86.0, 0.0)	(87.0, 2.1514463775979013e-06)	(88.0, 2.1514463775979013e-06)	(89.0, 2.1514463775979013e-06)	(90.0, 4.302892755195803e-06)	(91.0, 2.1514463775979013e-06)	(92.0, 0.0)	(93.0, 0.0)	(94.0, 2.1514463775979013e-06)	(95.0, 2.1514463775979013e-06)	(96.0, 0.0)	(97.0, 0.0)	(98.0, 0.0)	(99.0, 0.0)	(100.0, 2.1514463775979013e-06)
ERR1797974_1_paired	(0.0, 4.721882498078883e-05)	(1.0, 3.541411873559162e-05)	(2.0, 1.967451040866201e-05)	(3.0, 1.1804706245197207e-05)	(4.0, 7.869804163464804e-06)	(5.0, 3.934902081732402e-06)	(6.0, 0.0)	(7.0, 0.0)	(8.0, 3.934902081732402e-06)	(9.0, 3.934902081732402e-06)	(10.0, 3.934902081732402e-06)	(11.0, 1.1804706245197207e-05)	(12.0, 3.1479216653859215e-05)	(13.0, 5.902353122598603e-05)	(14.0, 0.00010624235620677485)	(15.0, 0.0002439639290674089)	(16.0, 0.0004918627602165502)	(17.0, 0.0013418016098707493)	(18.0, 0.002659993807251104)	(19.0, 0.005571821347733081)	(20.0, 0.009416220681585638)	(21.0, 0.0139413580755779)	(22.0, 0.02092187436857118)	(23.0, 0.03752716115348192)	(24.0, 0.06752291972252802)	(25.0, 0.1000448854280463)	(26.0, 0.13600202065091702)	(27.0, 0.2591801954174682)	(28.0, 0.39979392130817554)	(29.0, 0.5305467825820616)	(30.0, 0.6957497115815147)	(31.0, 0.9065660255124098)	(32.0, 1.26573601772878)	(33.0, 1.9281846529925935)	(34.0, 2.569990791935638)	(35.0, 3.19329895619246)	(36.0, 3.751937004736009)	(37.0, 4.4949921091441105)	(38.0, 5.779859620794273)	(39.0, 6.825866771377035)	(40.0, 7.460538932845899)	(41.0, 7.740519020667404)	(42.0, 7.683706904411351)	(43.0, 7.452307117690915)	(44.0, 6.921764270010934)	(45.0, 6.154001915431635)	(46.0, 5.293029600340258)	(47.0, 4.363125670581095)	(48.0, 3.5420453927943205)	(49.0, 3.110748645419796)	(50.0, 2.3464686791828298)	(51.0, 1.6184960544540081)	(52.0, 1.2129768506169119)	(53.0, 0.7381325419038544)	(54.0, 0.5016921456167177)	(55.0, 0.2818963851353093)	(56.0, 0.15649499069257936)	(57.0, 0.12496462031165761)	(58.0, 0.11072814457994978)	(59.0, 0.0823732401789861)	(60.0, 0.04883606973638084)	(61.0, 0.021960688518148537)	(62.0, 0.013862660033943253)	(63.0, 0.009392611269095243)	(64.0, 0.004741557008487544)	(65.0, 0.002809520086356935)	(66.0, 0.001518872203548707)	(67.0, 0.0009050274787984525)	(68.0, 0.0006099098226685223)	(69.0, 0.0003462713831924514)	(70.0, 0.0001849403978414229)	(71.0, 0.00010230745412504246)	(72.0, 5.5088629144253633e-05)	(73.0, 4.721882498078883e-05)	(74.0, 0.00010230745412504246)	(75.0, 0.00013772157286063408)	(76.0, 0.00011411216037023967)	(77.0, 0.00012985176869716926)	(78.0, 0.0001731356915962257)	(79.0, 0.00013378667077890166)	(80.0, 4.721882498078883e-05)	(81.0, 1.1804706245197207e-05)	(82.0, 3.934902081732402e-06)	(83.0, 0.0)	(84.0, 0.0)	(85.0, 0.0)	(86.0, 0.0)	(87.0, 0.0)	(88.0, 0.0)	(89.0, 0.0)	(90.0, 0.0)	(91.0, 0.0)	(92.0, 0.0)	(93.0, 0.0)	(94.0, 0.0)	(95.0, 0.0)	(96.0, 0.0)	(97.0, 3.934902081732402e-06)	(98.0, 7.869804163464804e-06)	(99.0, 7.869804163464804e-06)	(100.0, 7.869804163464804e-06)
ERR1797974_2	(0.0, 7.745219956824271e-05)	(1.0, 5.1634799712161815e-05)	(2.0, 4.5180449748141586e-05)	(3.0, 5.5937699688175295e-05)	(4.0, 6.6694949628209e-05)	(5.0, 8.390654953226294e-05)	(6.0, 9.036089949628317e-05)	(7.0, 0.00010542104941233037)	(8.0, 0.0001290869992804045)	(9.0, 0.0001742674490285461)	(10.0, 0.00019363049892060676)	(11.0, 0.0001979333988966203)	(12.0, 0.00030335444830895065)	(13.0, 0.00042598709762533497)	(14.0, 0.0004711675473734765)	(15.0, 0.0006067088966179013)	(16.0, 0.0010025756944111418)	(17.0, 0.0019556680390981286)	(18.0, 0.0031109966826577485)	(19.0, 0.004651434874070577)	(20.0, 0.007254689359558734)	(21.0, 0.010445289691772733)	(22.0, 0.017450410852722687)	(23.0, 0.03256434701847005)	(24.0, 0.061619679106501096)	(25.0, 0.11605351525305968)	(26.0, 0.17015172520148922)	(27.0, 0.20748153394339416)	(28.0, 0.2557665260242295)	(29.0, 0.3409381281494404)	(30.0, 0.47433448175582243)	(31.0, 0.644307636608307)	(32.0, 0.9032131281650384)	(33.0, 1.2837099672439587)	(34.0, 1.7042495934996607)	(35.0, 2.1629753055924943)	(36.0, 2.7148867710158635)	(37.0, 3.306628030067202)	(38.0, 4.072916426645527)	(39.0, 5.214127255383848)	(40.0, 6.368397385549369)	(41.0, 7.087773415139208)	(42.0, 7.361967110310714)	(43.0, 7.52805259503487)	(44.0, 7.529117562778934)	(45.0, 7.0882983689362815)	(46.0, 6.333070576746298)	(47.0, 5.531156319816569)	(48.0, 4.894318517566621)	(49.0, 4.244989396686306)	(50.0, 3.448819511224556)	(51.0, 2.7154655110626376)	(52.0, 2.104526863768315)	(53.0, 1.4578009973734884)	(54.0, 0.8926516601739133)	(55.0, 0.553679957313511)	(56.0, 0.35342514387983154)	(57.0, 0.25240596114296293)	(58.0, 0.2018920668745527)	(59.0, 0.15590267193092056)	(60.0, 0.09749295620652551)	(61.0, 0.04191670011633536)	(62.0, 0.01708896725473755)	(63.0, 0.0074891974082514695)	(64.0, 0.0039887882777645)	(65.0, 0.002728038584792549)	(66.0, 0.0018588527896378252)	(67.0, 0.001284415642840025)	(68.0, 0.0010197872943151958)	(69.0, 0.0007960364955624945)	(70.0, 0.0006110117965939148)	(71.0, 0.0004948334972415506)	(72.0, 0.00040877549772128097)	(73.0, 0.00033347474814104505)	(74.0, 0.0003055058982969574)	(75.0, 0.00027753704845286976)	(76.0, 0.0002560225485728023)	(77.0, 0.00023020514871672137)	(78.0, 0.00017211599904053937)	(79.0, 0.00013554134924442473)	(80.0, 0.00014199569920844498)	(81.0, 0.00014199569920844498)	(82.0, 0.00013123844926841128)	(83.0, 0.00013984424922043823)	(84.0, 0.00011617829935236408)	(85.0, 8.820944950827642e-05)	(86.0, 0.00010542104941233037)	(87.0, 9.681524946030338e-05)	(88.0, 8.605799952026969e-05)	(89.0, 7.099784960422249e-05)	(90.0, 7.960364955624946e-05)	(91.0, 9.251234948428991e-05)	(92.0, 9.036089949628317e-05)	(93.0, 8.820944950827642e-05)	(94.0, 0.00010972394938834385)	(95.0, 0.00011832974934037081)	(96.0, 0.00012263264931638428)	(97.0, 0.00011832974934037081)	(98.0, 0.00011617829935236408)	(99.0, 0.00017641889901655284)	(100.0, 0.00029474864835692365)
ERR1797974_2_paired	(0.0, 6.235096900615167e-05)	(1.0, 3.8969355628844785e-05)	(2.0, 1.9484677814422393e-05)	(3.0, 1.5587742251537918e-05)	(4.0, 1.5587742251537918e-05)	(5.0, 2.3381613377306875e-05)	(6.0, 1.9484677814422393e-05)	(7.0, 1.9484677814422393e-05)	(8.0, 2.3381613377306875e-05)	(9.0, 3.5072420065960314e-05)	(10.0, 5.066016231749823e-05)	(11.0, 6.624790456903613e-05)	(12.0, 0.00013639274470095676)	(13.0, 0.00032734258728229625)	(14.0, 0.0006118188833728632)	(15.0, 0.001040481795290156)	(16.0, 0.0017847964878010916)	(17.0, 0.003565696040039298)	(18.0, 0.00602076544465652)	(19.0, 0.009305882124168136)	(20.0, 0.014851221430152748)	(21.0, 0.02156174446943982)	(22.0, 0.035380277975428184)	(23.0, 0.06380452597110757)	(24.0, 0.11318259648841682)	(25.0, 0.20350576896495326)	(26.0, 0.2976674229709309)	(27.0, 0.3664288509780276)	(28.0, 0.45480355567312175)	(29.0, 0.6051278450113906)	(30.0, 0.8339052411016497)	(31.0, 1.1148470166366804)	(32.0, 1.5278013812999858)	(33.0, 2.1210085004245127)	(34.0, 2.7452274327584743)	(35.0, 3.3911717808555166)	(36.0, 4.157496365425624)	(37.0, 4.9026450021470165)	(38.0, 5.775379309197247)	(39.0, 7.083763733629023)	(40.0, 8.276818350077232)	(41.0, 8.630699068542771)	(42.0, 8.15752146169065)	(43.0, 7.539650637388625)	(44.0, 6.885261629926813)	(45.0, 5.877755703369785)	(46.0, 4.645564163063528)	(47.0, 3.5734509418094382)	(48.0, 2.9349536375730683)	(49.0, 2.385177865296889)	(50.0, 1.7091218961054377)	(51.0, 1.0970263303076095)	(52.0, 0.7448563665541764)	(53.0, 0.5580411726050574)	(54.0, 0.36886833264039326)	(55.0, 0.21797119377438046)	(56.0, 0.13659928228578963)	(57.0, 0.10265697353306583)	(58.0, 0.09346799947578423)	(59.0, 0.07563172540446197)	(60.0, 0.04319753071457445)	(61.0, 0.022286574484136335)	(62.0, 0.014044555768635662)	(63.0, 0.011051709256340383)	(64.0, 0.010603561666608667)	(65.0, 0.011558310879515366)	(66.0, 0.010307394563829448)	(67.0, 0.0064961915833284265)	(68.0, 0.003059094416864316)	(69.0, 0.0013132672846920693)	(70.0, 0.0006390974323130545)	(71.0, 0.0003351364584080652)	(72.0, 0.00015977435807826363)	(73.0, 8.573258238345854e-05)	(74.0, 4.676322675461375e-05)	(75.0, 2.7278548940191353e-05)	(76.0, 3.5072420065960314e-05)	(77.0, 2.3381613377306875e-05)	(78.0, 2.7278548940191353e-05)	(79.0, 3.1175484503075835e-05)	(80.0, 1.5587742251537918e-05)	(81.0, 3.896935562884479e-06)	(82.0, 0.0)	(83.0, 0.0)	(84.0, 0.0)	(85.0, 0.0)	(86.0, 0.0)	(87.0, 0.0)	(88.0, 0.0)	(89.0, 0.0)	(90.0, 3.896935562884479e-06)	(91.0, 1.1690806688653437e-05)	(92.0, 1.1690806688653437e-05)	(93.0, 7.793871125768959e-06)	(94.0, 7.793871125768959e-06)	(95.0, 1.1690806688653437e-05)	(96.0, 1.5587742251537918e-05)	(97.0, 3.1175484503075835e-05)	(98.0, 4.676322675461375e-05)	(99.0, 0.0002065375848328774)	(100.0, 0.0004598383964203685)
