Sample	0	1	2	3	4	5	6	7	8	9	10	11	12	13	14	15	16	17	18	19	20	21	22	23	24	25	26	27	28	29	30	31	32	33	34	35	36	37	38	39	40	41	42	43	44	45	46	47	48
ERR1797969_1 - illumina_universal_adapter	(1, 0.030084008523918078)	(2, 0.03970719002791648)	(3, 0.0532089454874527)	(4, 0.07112518124429587)	(5, 0.11614902483551916)	(6, 0.20692539042511945)	(7, 0.34546296293440415)	(8, 0.4513449475675404)	(9, 0.5011225502911475)	(10, 0.5607353837906761)	(12, 0.6259521012309344)	(14, 0.6895823045730778)	(16, 0.7755682843378712)	(18, 0.8673836913598943)	(20, 0.98195198525926)	(22, 1.1089907040683542)	(24, 1.2854099151463634)	(26, 1.5233349814059776)	(28, 1.883577778593418)	(30, 2.3943485707570638)	(32, 2.8957891949560954)	(34, 3.4659896871571547)	(36, 4.273151385290905)	(38, 5.115721456394496)	(40, 5.899806410581058)	(42, 6.752701353506647)	(44, 8.008545816984977)	(46, 9.21432737508293)	(48, 10.512120967709599)	(50, 11.792060011640348)	(52, 13.16434073033162)	(54, 14.563815804286696)	(56, 15.941604020886006)	(58, 17.415140194641182)	(60, 19.70536678972207)	(62, 23.9240947655136)	(64, 27.412681194175136)	(66, 29.22078292600853)	(68, 31.06707858715657)	(70, 32.74807605767864)	(72, 34.10810418389406)	(74, 35.47765332241883)	(76, 36.84377111817976)	(78, 38.16372964288435)	(80, 39.458134302601565)	(82, 40.836957705191985)	(84, 42.365640183691724)	(86, 43.76712201484746)	(88, 45.064809582838166)
ERR1797969_1 - polya	(1, 0.00045879751561530836)	(2, 0.0005474726656922168)	(3, 0.0006207260505383584)	(4, 0.0006554250223075834)	(5, 0.0007325338484614167)	(6, 0.0008019317919998667)	(7, 0.0008944623833844668)	(8, 0.0010024147399998334)	(9, 0.0011604878336151918)	(10, 0.0013281995304997795)	(12, 0.0015942249807305044)	(14, 0.0019065157266535294)	(16, 0.0022650717682688544)	(18, 0.002606278323999567)	(20, 0.0029474848797302793)	(22, 0.0032867637148071465)	(24, 0.003610620784653246)	(26, 0.003957610502345496)	(28, 0.004300744778730055)	(30, 0.004684361188845375)	(32, 0.00502942318588378)	(34, 0.005318581283960655)	(36, 0.005704125414729822)	(38, 0.006118585355306676)	(40, 0.006438586983845084)	(42, 0.006762444053691185)	(44, 0.0071171446539988175)	(46, 0.007506544226075676)	(48, 0.00799040211019098)	(50, 0.008468476832344748)	(52, 0.008846310080498531)	(54, 0.0092067938427677)	(56, 0.009513301426729188)	(58, 0.00984101393788298)	(60, 0.010166798728382925)	(62, 0.01066029521576746)	(64, 0.020142753112035117)	(66, 0.03691777824180156)	(68, 0.06323309288745103)	(70, 0.16587072366016475)	(72, 0.27694598773476164)	(74, 0.32416743287136923)	(76, 0.36130304354705534)	(78, 0.39828443657043383)	(80, 0.4478846889938871)	(82, 0.502666654534878)	(84, 0.5709754359039052)	(86, 0.6495647515198921)	(88, 0.7601079646940276)
ERR1797969_1_paired - illumina_universal_adapter	(1, 0.003551388324019584)	(2, 0.005096128661119787)	(3, 0.0069437592603965)	(4, 0.009541043258560077)	(5, 0.015356536292349076)	(6, 0.02870642459777877)	(7, 0.04834128584337105)	(8, 0.06317533643346565)	(9, 0.07076273750098723)	(10, 0.07972071700485753)	(12, 0.08930719380274407)	(14, 0.09884823706130416)	(16, 0.11029748897157625)	(18, 0.12273870649047641)	(20, 0.13797030054967768)	(22, 0.15481099912669166)	(24, 0.17717187273187252)	(26, 0.20632506046636165)	(28, 0.2506303335662307)	(30, 0.310772981249654)	(32, 0.3682047610865976)	(34, 0.43256136954255164)	(36, 0.5196915395859021)	(38, 0.6056517959915957)	(40, 0.6842593912829545)	(42, 0.7683190112934906)	(44, 0.8876653468475901)	(46, 1.002911305477475)	(48, 1.1245898960503338)	(50, 1.2418311442823065)	(52, 1.3652967874020066)	(54, 1.4838442498896154)	(56, 1.594312114633666)	(58, 1.7146163406418986)	(60, 1.9000836204291303)	(62, 2.235663314151041)	(64, 2.5093738856951213)	(66, 2.6436299944048596)	(68, 2.7662626893035744)	(70, 2.860128381552075)	(72, 2.9170111727888237)	(74, 2.9607295960057254)	(76, 2.994380704133536)	(78, 3.0204784863483196)	(80, 3.0458379735490477)	(82, 3.0539440741905466)	(84, 3.054777022411532)	(86, 3.05515942136753)	(88, 3.0555153174255874)
ERR1797969_2 - illumina_universal_adapter	(1, 0.02877315847930291)	(2, 0.036584282568686226)	(3, 0.04734481925845367)	(4, 0.06210344858429737)	(5, 0.102296424216983)	(6, 0.18706986769050737)	(7, 0.3197972901491007)	(8, 0.42136503595893)	(9, 0.46844382976715293)	(10, 0.5249684547792204)	(12, 0.5874863633040948)	(14, 0.6486433010473538)	(16, 0.7320519182979552)	(18, 0.8217082781876712)	(20, 0.9343989721701909)	(22, 1.0597547908484777)	(24, 1.234670379816487)	(26, 1.4707891718234478)	(28, 1.8303302786928883)	(30, 2.3386451547435345)	(32, 2.836328651388221)	(34, 3.4012876711314735)	(36, 4.200316315826648)	(38, 5.035424180279202)	(40, 5.813353922418035)	(42, 6.65878858641324)	(44, 7.903222871341456)	(46, 9.09011276703172)	(48, 10.355967883865471)	(50, 11.621514565394607)	(52, 12.983736437714112)	(54, 14.374218694818996)	(56, 15.74788930010169)	(58, 17.218616784864217)	(60, 19.496947415790224)	(62, 23.67541494572618)	(64, 27.1245447880448)	(66, 28.915501372382888)	(68, 30.742988263111354)	(70, 32.40659576561508)	(72, 33.75170526169039)	(74, 35.10516371591751)	(76, 36.457099270828095)	(78, 37.76587123257842)	(80, 39.0510421103637)	(82, 40.42124281846948)	(84, 41.941283325278036)	(86, 43.33297619095353)	(88, 44.620151898218815)
ERR1797969_2 - polya	(1, 4.62652956923e-05)	(2, 5.397617830768334e-05)	(3, 6.554250223075834e-05)	(4, 8.0964267461525e-05)	(5, 0.00013108500446151668)	(6, 0.00018120574146150836)	(7, 0.0002737363328461084)	(8, 0.0004163876612307001)	(9, 0.00053205090046145)	(10, 0.0007653050995767959)	(12, 0.0009696434888844543)	(14, 0.0011624155542690378)	(16, 0.0013262718098459333)	(18, 0.0015094052719612878)	(20, 0.001900732564691992)	(22, 0.0022207341932304002)	(24, 0.0026795317088457084)	(26, 0.0028915809807687504)	(28, 0.0030380877504610337)	(30, 0.003280980552845609)	(32, 0.003477608059537884)	(34, 0.0036221871085763213)	(36, 0.0037474889510763004)	(38, 0.0038438749837685924)	(40, 0.003946044178422421)	(42, 0.004096406389422396)	(44, 0.007200036642114188)	(46, 0.009532578633267647)	(48, 0.009796676362844526)	(50, 0.009970171221690652)	(52, 0.010151376963152159)	(54, 0.010263184761075218)	(56, 0.010357643073113664)	(58, 0.019745642657342872)	(60, 0.03713175523437845)	(62, 0.06378442099445095)	(64, 0.1654851795293956)	(66, 0.2769941807511078)	(68, 0.32590238145983047)	(70, 0.36429293828117026)	(72, 0.4035875960891637)	(74, 0.4557170180104627)	(76, 0.5133500823984917)	(78, 0.5844964685699798)	(80, 0.6662356797343508)	(82, 0.7823943431731393)	(84, 0.9376182656621135)	(86, 1.1771279182991892)	(88, 1.520293038214209)
ERR1797969_2_paired - illumina_universal_adapter	(1, 0.0033090761142783756)	(2, 0.004051157256610826)	(3, 0.0049295390169227064)	(4, 0.006224394887727288)	(5, 0.010063528960814557)	(6, 0.019922606994659968)	(7, 0.035309432313226696)	(8, 0.04706914674222971)	(9, 0.0522864315082201)	(10, 0.058938658891271714)	(12, 0.06664721606366389)	(14, 0.07421190036152224)	(16, 0.08364693202832055)	(18, 0.09432002764176534)	(20, 0.108256765830162)	(22, 0.12319682801201837)	(24, 0.14390316356006005)	(26, 0.17015996316248633)	(28, 0.20994838522764817)	(30, 0.2652296442031385)	(32, 0.3176296595596748)	(34, 0.37498950295935146)	(36, 0.4532336299360985)	(38, 0.531432323373519)	(40, 0.6031832403548572)	(42, 0.6791556903652803)	(44, 0.7872647971926313)	(46, 0.8892365900826307)	(48, 0.99485442450358)	(50, 1.0960576333533063)	(52, 1.2015997452087115)	(54, 1.3063391978693488)	(56, 1.403593474925949)	(58, 1.5079278118609252)	(60, 1.663878435599056)	(62, 1.9362449316047283)	(64, 2.1561054006621028)	(66, 2.267591733912722)	(68, 2.369608960342048)	(70, 2.4482847059423962)	(72, 2.4946458466967885)	(74, 2.5352066389305006)	(76, 2.570179105827056)	(78, 2.594027927845179)	(80, 2.61248530319656)	(82, 2.6200196984682007)	(84, 2.622529901515988)	(86, 2.62441160726976)	(88, 2.6262668101255913)
ERR1797970_1 - illumina_universal_adapter	(1, 0.05846954199797405)	(2, 0.07227876151049883)	(3, 0.0912392178830519)	(4, 0.11848971141809947)	(5, 0.18981106374542978)	(6, 0.32164818554064334)	(7, 0.48996822903330206)	(8, 0.6154676774905217)	(9, 0.6770760197909619)	(10, 0.7507571041638664)	(12, 0.8302577345521089)	(14, 0.907103901048194)	(16, 1.0058540878368485)	(18, 1.1173584667636343)	(20, 1.2503388477599253)	(22, 1.4128130634165315)	(24, 1.6288533842349624)	(26, 1.905910706387759)	(28, 2.2937703073996842)	(30, 2.831096500087481)	(32, 3.3620418421603957)	(34, 3.9563132312447293)	(36, 4.72896872388244)	(38, 5.52257270490246)	(40, 6.2279561228757725)	(42, 6.992006196502415)	(44, 8.182311733931858)	(46, 9.31832841612983)	(48, 10.514006708622464)	(50, 11.657436741534813)	(52, 12.857417743532983)	(54, 14.025374346990619)	(56, 15.18076636287385)	(58, 16.43203633799623)	(60, 18.441103190688125)	(62, 22.30182193090284)	(64, 25.41378849441962)	(66, 26.894938046239485)	(68, 28.396322722736553)	(70, 29.80408216748428)	(72, 30.943569927289467)	(74, 32.08568586916609)	(76, 33.2334486479505)	(78, 34.33048751275607)	(80, 35.424081581775134)	(82, 36.59978193597899)	(84, 37.910133444067405)	(86, 39.119406946961035)	(88, 40.26086396604689)
ERR1797970_1 - polya	(1, 0.0005782000557174599)	(2, 0.0007246273425549985)	(3, 0.0008109818963309827)	(4, 0.0008748091752088841)	(5, 0.0009348819082704384)	(6, 0.0010400091911281584)	(7, 0.0011413819281695312)	(8, 0.001291563760823417)	(9, 0.0014830455974571212)	(10, 0.0016839137986316933)	(12, 0.001978645645214944)	(14, 0.0023146774957780135)	(16, 0.002688254804504554)	(18, 0.003024286655067623)	(20, 0.0034260230574167673)	(22, 0.0038671821908375565)	(24, 0.00423700495374775)	(26, 0.004618091354106985)	(28, 0.0049616322963027485)	(30, 0.005277014144875908)	(32, 0.005575500537275506)	(34, 0.005887127840032319)	(36, 0.006320777881820414)	(38, 0.00676005974233303)	(40, 0.007086705228355231)	(42, 0.007434000716367342)	(44, 0.0078113325709102295)	(46, 0.008186787152544943)	(48, 0.008612928102700344)	(50, 0.009080369056835564)	(52, 0.009508387279899139)	(54, 0.009912000955156455)	(56, 0.010270560080617608)	(58, 0.010736123761844654)	(60, 0.011203564715979872)	(62, 0.011751728405166556)	(64, 0.029411234652355338)	(66, 0.05772426465342914)	(68, 0.09585730923715889)	(70, 0.2328625633485743)	(72, 0.365794135249253)	(74, 0.4235446817233966)	(76, 0.46867995425461373)	(78, 0.5135749358535848)	(80, 0.5712090914074215)	(82, 0.6371651977631918)	(84, 0.7168178872569964)	(86, 0.817518560597243)	(88, 0.9534612782426323)
ERR1797970_1_paired - illumina_universal_adapter	(1, 0.005173942141044627)	(2, 0.007026590694153055)	(3, 0.009633772476163824)	(4, 0.012827064891339805)	(5, 0.020069236508036385)	(6, 0.035564115315852324)	(7, 0.05590956488089761)	(8, 0.07145160201551994)	(9, 0.07958304493770857)	(10, 0.08925387038493456)	(12, 0.09950406956149627)	(14, 0.10904689383596206)	(16, 0.12083647553756113)	(18, 0.1338656475437855)	(20, 0.14883504785290158)	(22, 0.16632741864615988)	(24, 0.18902404764769548)	(26, 0.21858221319956178)	(28, 0.25799310060205016)	(30, 0.31125169382604534)	(32, 0.3628327979964987)	(34, 0.420355851344558)	(36, 0.49108323619840827)	(38, 0.5586543816081447)	(40, 0.6159450117740868)	(42, 0.6785375852538338)	(44, 0.7739523541908324)	(46, 0.8644121303612449)	(48, 0.9572129806124035)	(50, 1.0450554696450607)	(52, 1.1356398785363186)	(54, 1.2192347497044858)	(56, 1.297106621069505)	(58, 1.3835882555286063)	(60, 1.5200240318833407)	(62, 1.7772524939007441)	(64, 1.9804476187537616)	(66, 2.0717764555181777)	(68, 2.1551490088599716)	(70, 2.2233601601335096)	(72, 2.26496727818441)	(74, 2.297550313555715)	(76, 2.324952669882146)	(78, 2.3449309581884843)	(80, 2.364892404235249)	(82, 2.37168320329537)	(84, 2.3724613156876755)	(86, 2.3728655299174446)	(88, 2.373215848916578)
ERR1797970_2 - illumina_universal_adapter	(1, 0.05477506891468846)	(2, 0.06591105180597408)	(3, 0.08108692599564923)	(4, 0.10321997358301564)	(5, 0.16296230661273137)	(6, 0.28217289082756947)	(7, 0.44124924252038156)	(8, 0.5597351993926647)	(9, 0.6167329594306307)	(10, 0.6855275024235593)	(12, 0.7607441960353498)	(14, 0.8340441940078951)	(16, 0.9295598395757663)	(18, 1.037420431787787)	(20, 1.16732583976049)	(22, 1.3271775051643777)	(24, 1.5425007077318864)	(26, 1.8177708660761016)	(28, 2.213530031485621)	(30, 2.751699119709188)	(32, 3.278848615961776)	(34, 3.8671728044730154)	(36, 4.629938823430468)	(38, 5.414772185423502)	(40, 6.11288117087764)	(42, 6.868198170935461)	(44, 8.044771457041612)	(46, 9.160767023673912)	(48, 10.323771381199787)	(50, 11.451588135334855)	(52, 12.640106508955718)	(54, 13.797257529553907)	(56, 14.946285590278428)	(58, 16.191846778487054)	(60, 18.185122011475393)	(62, 21.998447119850358)	(64, 25.066340947301946)	(66, 26.529971788342735)	(68, 28.012722653953276)	(70, 29.402124246931972)	(72, 30.526648264386104)	(74, 31.653717863903722)	(76, 32.786730909448615)	(78, 33.87253617317167)	(80, 34.956584309452666)	(82, 36.12173438991259)	(84, 37.42237476524702)	(86, 38.62137770806004)	(88, 39.750949712364246)
ERR1797970_2 - polya	(1, 0.00010512728285771998)	(2, 0.00013140910357215)	(3, 0.00017270910755196855)	(4, 0.00022902729479717569)	(5, 0.0003379091234712428)	(6, 0.00047682731867608707)	(7, 0.0005744455099011128)	(8, 0.0007283818883713456)	(9, 0.0009799364580666042)	(10, 0.0014060774082220047)	(12, 0.0017702683524076774)	(14, 0.0020462274699091926)	(16, 0.0022865184021554096)	(18, 0.002530563880217974)	(20, 0.0030975002984863923)	(22, 0.0035668185255297853)	(24, 0.004206968587216973)	(26, 0.004475418613085794)	(28, 0.0046706549955358445)	(30, 0.004950368658853708)	(32, 0.0051775186807427095)	(34, 0.005329577786304768)	(36, 0.005506041439673084)	(38, 0.005659977818143317)	(40, 0.0058514596547770215)	(42, 0.006029800581053511)	(44, 0.009014664505049489)	(46, 0.01112284198092841)	(48, 0.011396923825521751)	(50, 0.011577142024706413)	(52, 0.011806169319503589)	(54, 0.01199577388322912)	(56, 0.012162851172056567)	(58, 0.03046438475384071)	(60, 0.059734823938083034)	(62, 0.09887596407350199)	(64, 0.23714837739793454)	(66, 0.37071259026866776)	(68, 0.4308097278780283)	(70, 0.47721215962226265)	(72, 0.5250056505914535)	(74, 0.58542567914102)	(76, 0.6550067994824734)	(78, 0.7391123803144657)	(80, 0.8438829813196327)	(82, 0.9862516041297)	(84, 1.1695541627024921)	(86, 1.4358791156392603)	(88, 1.8020956372928523)
ERR1797970_2_paired - illumina_universal_adapter	(1, 0.004378987489165374)	(2, 0.005301943313804846)	(3, 0.006521322906941665)	(4, 0.00807081078772326)	(5, 0.012261164969663048)	(6, 0.022555154021116422)	(7, 0.0369856020238737)	(8, 0.04769054220892567)	(9, 0.052702798658062655)	(10, 0.05911633110373256)	(12, 0.06633829200894067)	(14, 0.07354004220266035)	(16, 0.08310307718861457)	(18, 0.09374064833537168)	(20, 0.106678872139898)	(22, 0.12192785395793773)	(24, 0.14203751188895103)	(26, 0.16737500719164483)	(28, 0.2031547034300407)	(30, 0.2505319796108953)	(32, 0.2947125949246592)	(34, 0.343474304842473)	(36, 0.4031295882525644)	(38, 0.4608109588406166)	(40, 0.5105562567175352)	(42, 0.5635420053364363)	(44, 0.644967593471509)	(46, 0.7199156485745317)	(48, 0.7958439231847446)	(50, 0.8666656246922078)	(52, 0.9398486109919053)	(54, 1.0088917698883844)	(56, 1.0719491897323659)	(58, 1.1402883421786636)	(60, 1.2462968923875277)	(62, 1.4378641212308538)	(64, 1.5886596080981357)	(66, 1.658602143655851)	(68, 1.7225050449304327)	(70, 1.7729779284209357)	(72, 1.8034287337302088)	(74, 1.8302988746541105)	(76, 1.8547033087764206)	(78, 1.871565779061622)	(80, 1.8850395867205925)	(82, 1.8903651091978007)	(84, 1.8914396453586033)	(86, 1.8923794434428165)	(88, 1.8932821885559676)
ERR1797971_1 - illumina_universal_adapter	(1, 0.07444145816593241)	(2, 0.09265974914898306)	(3, 0.11765828679610346)	(4, 0.15349362894049773)	(5, 0.24930083233685077)	(6, 0.4287383217766709)	(7, 0.6544169485883813)	(8, 0.8251835456597276)	(9, 0.906934051778701)	(10, 1.005745643320271)	(12, 1.1132263162669962)	(14, 1.2153302391214076)	(16, 1.3482640015081704)	(18, 1.4858935917795304)	(20, 1.649539481082949)	(22, 1.8433795617939621)	(24, 2.0992433251966753)	(26, 2.4273264947736504)	(28, 2.912398452495625)	(30, 3.574131692890321)	(32, 4.218365594739369)	(34, 4.9361372840584705)	(36, 5.866881881547425)	(38, 6.812503542696992)	(40, 7.649856761856332)	(42, 8.55346588498246)	(44, 10.014752107191644)	(46, 11.3841717821853)	(48, 12.778173473262846)	(50, 14.098961539304334)	(52, 15.480782691102355)	(54, 16.795478676540764)	(56, 18.083136979635537)	(58, 19.492301866578003)	(60, 21.776156603415153)	(62, 26.134064165690106)	(64, 29.62105773658923)	(66, 31.21100565871708)	(68, 32.80040485895946)	(70, 34.271977352817125)	(72, 35.44271443118638)	(74, 36.60274147249065)	(76, 37.76409232798067)	(78, 38.86886144555076)	(80, 39.968320818671316)	(82, 41.15435329322774)	(84, 42.48057062729777)	(86, 43.69144408569261)	(88, 44.826503375726176)
ERR1797971_1 - polya	(1, 0.00032235147067425604)	(2, 0.0004056557833204121)	(3, 0.0004744723894194106)	(4, 0.0005360451422448302)	(5, 0.0006193494548909864)	(6, 0.0006881660609899848)	(7, 0.0007787142269097197)	(8, 0.0008801281727398226)	(9, 0.0010612245045792923)	(10, 0.001200668680095684)	(12, 0.0014252281315766265)	(14, 0.001733091895703725)	(16, 0.0019920596502341664)	(18, 0.0022854357078141074)	(20, 0.0026258968116723105)	(22, 0.00298808947535125)	(24, 0.003339416359119821)	(26, 0.003687121316251603)	(28, 0.003966009667284387)	(30, 0.004264818614819511)	(32, 0.004590792012130557)	(34, 0.004907710592849629)	(36, 0.005269903256528569)	(38, 0.005666504223257007)	(40, 0.005990666657249658)	(42, 0.006267744044964046)	(44, 0.006611827075459039)	(46, 0.006879849646581454)	(48, 0.007316291806314575)	(50, 0.007765410709276461)	(52, 0.008156578786049716)	(54, 0.008527826266320628)	(56, 0.008803092690716621)	(58, 0.009192449804171481)	(60, 0.009603538477447077)	(62, 0.010141394583010303)	(64, 0.032061294588859715)	(66, 0.0685685041243784)	(68, 0.12072062576750889)	(70, 0.30467103579676863)	(72, 0.48187741842832654)	(74, 0.5581117302794696)	(76, 0.618357046992506)	(78, 0.6767135289644568)	(80, 0.7523828202602607)	(82, 0.8328728959096314)	(84, 0.9296525866079625)	(86, 1.0473507145970706)	(88, 1.205476787706022)
ERR1797971_1_paired - illumina_universal_adapter	(1, 0.007648203503962756)	(2, 0.01006602267618324)	(3, 0.013689226916770205)	(4, 0.01836978648048566)	(5, 0.029605949047597765)	(6, 0.05148615520087002)	(7, 0.08028851420289013)	(8, 0.10109021792657133)	(9, 0.11221359592588306)	(10, 0.12587462670070315)	(12, 0.14005023706611247)	(14, 0.15323898246326853)	(16, 0.16906054261501452)	(18, 0.18607338976415197)	(20, 0.2057120026323918)	(22, 0.22845924015062943)	(24, 0.25744134955758136)	(26, 0.2946214872365229)	(28, 0.34803907816097435)	(30, 0.41914974815910916)	(32, 0.4876663730978354)	(34, 0.5625095073866138)	(36, 0.6545487637472052)	(38, 0.7414809938970861)	(40, 0.8163206036681208)	(42, 0.8960310969610339)	(44, 1.0231604519785162)	(46, 1.143022251408362)	(48, 1.2623130789637185)	(50, 1.3737195603262802)	(52, 1.4870539528946793)	(54, 1.5888913685829282)	(56, 1.6841238380193677)	(58, 1.789175613889927)	(60, 1.9587225399535806)	(62, 2.2726724824968922)	(64, 2.521316635766045)	(66, 2.628328043502136)	(68, 2.726503485254616)	(70, 2.8051636722598885)	(72, 2.8523745874375757)	(74, 2.8884973697933884)	(76, 2.9174794792003405)	(78, 2.939352636318125)	(80, 2.9600168838497996)	(82, 2.9668685463436724)	(84, 2.9675276311617558)	(86, 2.967880082936132)	(88, 2.9682325347105083)
ERR1797971_2 - illumina_universal_adapter	(1, 0.07084850694223734)	(2, 0.086194610102314)	(3, 0.10691565239138612)	(4, 0.13720220292821902)	(5, 0.22080351355859182)	(6, 0.38702459270076744)	(7, 0.6021634129994207)	(8, 0.7656752910172778)	(9, 0.8427752433346137)	(10, 0.9363350412528388)	(12, 1.0393697992529054)	(14, 1.1380962755185107)	(16, 1.2672885876894697)	(18, 1.4013958543065521)	(20, 1.5618508262429591)	(22, 1.7528060423877698)	(24, 2.006739318893074)	(26, 2.332573272028603)	(28, 2.8235417263152707)	(30, 3.4848240368436865)	(32, 4.123628670664187)	(34, 4.833598730007644)	(36, 5.752780326708649)	(38, 6.688014302263904)	(40, 7.51651553272293)	(42, 8.410461355582104)	(44, 9.854135959519898)	(46, 11.202001549098021)	(48, 12.563404089481146)	(50, 13.867603731526138)	(52, 15.236715542755666)	(54, 16.53872754111204)	(56, 17.818662085653855)	(58, 19.220775081434493)	(60, 21.486360820315674)	(62, 25.79155305135548)	(64, 29.23001280532162)	(66, 30.80178408862275)	(68, 32.37148544085095)	(70, 33.823892509910046)	(72, 34.97928710704586)	(74, 36.12410930032888)	(76, 37.27096520541848)	(78, 38.364500917524566)	(80, 39.45444548937028)	(82, 40.63128008123257)	(84, 41.94754073897806)	(86, 43.14786533604325)	(88, 44.27082376918331)
ERR1797971_2 - polya	(1, 7.606045937257728e-05)	(2, 9.417009255652424e-05)	(3, 0.0001159016523772606)	(4, 0.00015574284538194395)	(5, 0.00021731559820736362)	(6, 0.0003042418374903091)	(7, 0.0004744723894194106)	(8, 0.0006773002810796167)	(9, 0.0009453228522020318)	(10, 0.0011861809735485265)	(12, 0.0014632583612629152)	(14, 0.0016823849227886735)	(16, 0.0018417496948074067)	(18, 0.0020500104764227967)	(20, 0.002544403462344549)	(22, 0.0029011632360683047)	(24, 0.00349697016782016)	(26, 0.0037903462254001005)	(28, 0.0039678206306027804)	(30, 0.004203245861994092)	(32, 0.004386153157151957)	(34, 0.004512920589439584)	(36, 0.0046686634348215295)	(38, 0.004802674720382736)	(40, 0.004934875042625549)	(42, 0.005059831511594783)	(44, 0.007698405066495857)	(46, 0.009485825861751424)	(48, 0.009675977010182866)	(50, 0.009811799259062469)	(52, 0.009951243434578861)	(54, 0.010099742426687226)	(56, 0.010237375638885222)	(58, 0.03296134335810188)	(60, 0.07077606840950154)	(62, 0.12327770597308221)	(64, 0.30578840016421815)	(66, 0.48190639384142087)	(68, 0.5600675706633359)	(70, 0.62177071284768)	(72, 0.6829740291561472)	(74, 0.762533269659863)	(76, 0.8463935480447662)	(78, 0.9474615998810559)	(80, 1.069973268370457)	(82, 1.235888294711824)	(84, 1.4486293995769226)	(86, 1.7698218537274062)	(88, 2.211149992493557)
ERR1797971_2_paired - illumina_universal_adapter	(1, 0.006781172138997393)	(2, 0.008113439846139292)	(3, 0.009917992930945252)	(4, 0.012448596670966108)	(5, 0.019948770429690874)	(6, 0.03630253276074488)	(7, 0.05826732733986741)	(8, 0.07465633484835904)	(9, 0.08235388160073445)	(10, 0.09194056986376611)	(12, 0.10275026578388305)	(14, 0.11339078485229945)	(16, 0.12658305476719928)	(18, 0.14122742599252885)	(20, 0.1580746208077095)	(22, 0.17830887717464508)	(24, 0.20399908700892366)	(26, 0.23624137532885514)	(28, 0.28391752684871885)	(30, 0.3468336930926078)	(32, 0.40461463698383615)	(34, 0.4680277602295956)	(36, 0.5461909902329974)	(38, 0.6208825702587941)	(40, 0.685455259842251)	(42, 0.7540388506181088)	(44, 0.860704855615311)	(46, 0.9608328801978354)	(48, 1.0589131599712345)	(50, 1.1485804158902742)	(52, 1.2406901626057407)	(54, 1.3246195036379367)	(56, 1.4030047782591955)	(58, 1.4879104107064134)	(60, 1.619917698281262)	(62, 1.8556762146792218)	(64, 2.04331096580386)	(66, 2.127046458360149)	(68, 2.202506383254086)	(70, 2.261055672013454)	(72, 2.2958849563573067)	(74, 2.326255725755301)	(76, 2.352097489852561)	(78, 2.3709113655687606)	(80, 2.3858200756248724)	(82, 2.3908883321404018)	(84, 2.391931589392555)	(86, 2.39279862075752)	(88, 2.3936586030869984)
ERR1797972_1 - illumina_universal_adapter	(1, 0.044813515948441594)	(2, 0.05568914878471358)	(3, 0.06957450683713554)	(4, 0.09134792999593336)	(5, 0.15080015852942832)	(6, 0.26377748802350937)	(7, 0.39730219310367443)	(8, 0.49711058993420854)	(9, 0.5490366589701408)	(10, 0.6181218546525034)	(12, 0.6973053246950649)	(14, 0.7732851915167553)	(16, 0.8677167050163515)	(18, 0.9776418407789627)	(20, 1.1144938617115832)	(22, 1.3055135507061517)	(24, 1.5861713503407304)	(26, 1.950357333780816)	(28, 2.444290170894783)	(30, 3.0145813985539434)	(32, 3.6447753903004276)	(34, 4.353933123684122)	(36, 5.224526608999101)	(38, 6.181024668520313)	(40, 7.130454489926542)	(42, 8.101569104546554)	(44, 9.306928970928048)	(46, 10.580515430399569)	(48, 11.841736166084244)	(50, 13.079488430911702)	(52, 14.497242574693994)	(54, 15.930464490338672)	(56, 17.37598750376862)	(58, 18.835608217827588)	(60, 20.47243342820184)	(62, 22.499740018827957)	(64, 24.35297185807214)	(66, 25.941844575278655)	(68, 27.555072062792544)	(70, 29.175020654470103)	(72, 30.792853206210417)	(74, 32.4478844844566)	(76, 34.119472944305976)	(78, 35.72452431939219)	(80, 37.37372448583922)	(82, 39.08000233687622)	(84, 40.846622408811236)	(86, 42.444300880346475)	(88, 43.96883010392895)
ERR1797972_1 - polya	(1, 0.00021788194816300407)	(2, 0.00024003943441686888)	(3, 0.0003138977219297516)	(4, 0.0003323622938079723)	(5, 0.000406220581320855)	(6, 0.00044684263945294055)	(7, 0.0005428584132196881)	(8, 0.0006647245876159446)	(9, 0.0008161340770173542)	(10, 0.0009398467086014328)	(12, 0.0010709451689367997)	(14, 0.0012574373449068285)	(16, 0.0014679334643185444)	(18, 0.0017522878712431427)	(20, 0.002032949363792097)	(22, 0.0022969927416506527)	(24, 0.0027475282954792374)	(26, 0.003151902419612271)	(28, 0.0034990363709228194)	(30, 0.0038277057503551476)	(32, 0.004121292443218856)	(34, 0.004333635019818394)	(36, 0.004603217769240416)	(38, 0.004917115491170168)	(40, 0.005164540754338325)	(42, 0.005384269159689151)	(44, 0.005639080251608596)	(46, 0.005849576371020312)	(48, 0.006170859921701352)	(50, 0.006560462388331809)	(52, 0.006889131767764137)	(54, 0.007188257832191312)	(56, 0.007529852411938395)	(58, 0.00798962025170609)	(60, 0.008488163692418048)	(62, 0.008964549646876142)	(64, 0.02263941157988638)	(66, 0.044728578917801784)	(68, 0.07631038265831044)	(70, 0.19031249589163274)	(72, 0.2982268397767057)	(74, 0.3515802202188244)	(76, 0.3966817834885662)	(78, 0.4414528309216879)	(80, 0.4965566527778619)	(82, 0.5617882923092399)	(84, 0.6451189051956498)	(86, 0.7642541694111176)	(88, 0.9423745084915611)
ERR1797972_1_paired - illumina_universal_adapter	(1, 0.005159502010910512)	(2, 0.006577105771230415)	(3, 0.008591974060009973)	(4, 0.01142718158064978)	(5, 0.018450436758681382)	(6, 0.03246816328204774)	(7, 0.05012704464156573)	(8, 0.06300780977340648)	(9, 0.0702109639057934)	(10, 0.07937501664065327)	(12, 0.08984873376321988)	(14, 0.10006699437060193)	(16, 0.11208064654245004)	(18, 0.1256522236590152)	(20, 0.14231446481140475)	(22, 0.16530555117801432)	(24, 0.19895385160063295)	(26, 0.24214039458317052)	(28, 0.2996289044369559)	(30, 0.36333472215326096)	(32, 0.4320957004869505)	(34, 0.5074157946964348)	(36, 0.5973652718740938)	(38, 0.6920604834676458)	(40, 0.7839024976451228)	(42, 0.8755790047845926)	(44, 0.9866522171826528)	(46, 1.1045148161180829)	(48, 1.2173330483733897)	(50, 1.3257473542260783)	(52, 1.4474561928056249)	(54, 1.5663082359900091)	(56, 1.679838868104563)	(58, 1.793304736595549)	(60, 1.917089609108356)	(62, 2.067323225890482)	(64, 2.2014810721114166)	(66, 2.313536532800257)	(68, 2.4172302900906617)	(70, 2.50403513354619)	(72, 2.5707812435910995)	(74, 2.6235276170080786)	(76, 2.665987368215021)	(78, 2.6972286206283655)	(80, 2.7291354991728247)	(82, 2.7395480506509102)	(84, 2.740253254551983)	(86, 2.740544690858039)	(88, 2.7408469211013555)
ERR1797972_2 - illumina_universal_adapter	(1, 0.04151574341099138)	(2, 0.050652013576334975)	(3, 0.06197818196643554)	(4, 0.0796783205688979)	(5, 0.12842109741302485)	(6, 0.22964757336380628)	(7, 0.35636623724965916)	(8, 0.4514920186518765)	(9, 0.5002126380097496)	(10, 0.5660056005262255)	(12, 0.6419171484319663)	(14, 0.7148817506659433)	(16, 0.8060653459721605)	(18, 0.9128330399435959)	(20, 1.0470612452123214)	(22, 1.235017661732293)	(24, 1.5130165630164079)	(26, 1.874809537941076)	(28, 2.376117125063204)	(30, 2.946838577247127)	(32, 3.5725290599125135)	(34, 4.275203882109765)	(36, 5.136094234902738)	(38, 6.081690811187049)	(40, 7.019936641406639)	(42, 7.980288257078837)	(44, 9.171083269162791)	(46, 10.429242578830058)	(48, 11.675292822259587)	(50, 12.90012173322948)	(52, 14.303789255125876)	(54, 15.725151376253173)	(56, 17.160904784702353)	(58, 18.615239091832585)	(60, 20.241293917430276)	(62, 22.24870862477198)	(64, 24.081516801061667)	(66, 25.653346718424586)	(68, 27.247007299119122)	(70, 28.846787038934103)	(72, 30.441767836517933)	(74, 32.07582705402483)	(76, 33.728947249081614)	(78, 35.31554513103273)	(80, 36.94936061619083)	(82, 38.64061015217614)	(84, 40.395331653992834)	(86, 41.98007938584175)	(88, 43.489343947852504)
ERR1797972_2 - polya	(1, 0.00010709451689367996)	(2, 0.00013294491752318893)	(3, 0.0001920315475334951)	(4, 0.00024003943441686888)	(5, 0.0002806614925489544)	(6, 0.0003655985231887695)	(7, 0.00048007886883373775)	(8, 0.0006979608169967418)	(9, 0.0008752207070276604)	(10, 0.0011429569992618604)	(12, 0.0014642405499429001)	(14, 0.0017375162137405662)	(16, 0.0019960202200356558)	(18, 0.0022766817125846103)	(20, 0.0035285796859279724)	(22, 0.004381642906701768)	(24, 0.006379509583925246)	(26, 0.006911289254018002)	(28, 0.007171639717500913)	(30, 0.007382135836912629)	(32, 0.007574167384446124)	(34, 0.0077200375022840675)	(36, 0.007904683221066276)	(38, 0.008021010023899065)	(40, 0.008189037627990874)	(42, 0.00840138020459041)	(44, 0.00907902999252111)	(46, 0.009599730919486932)	(48, 0.009778837266705673)	(50, 0.009943171956421838)	(52, 0.010148128704270088)	(54, 0.010323542137113183)	(56, 0.010511880770271036)	(58, 0.02396147492636698)	(60, 0.04606356746459714)	(62, 0.07655596146429078)	(64, 0.1867119043753797)	(66, 0.2918805664221613)	(68, 0.3450326830308073)	(70, 0.3907195732290888)	(72, 0.43529674265748913)	(74, 0.49134779705101583)	(76, 0.5577057754669653)	(78, 0.64266865650741)	(80, 0.7631702990418661)	(82, 0.9440547845324793)	(84, 1.1803403714865057)	(86, 1.5059243209579833)	(88, 1.886569623770315)
ERR1797972_2_paired - illumina_universal_adapter	(1, 0.0043031829881792)	(2, 0.005080346470994172)	(3, 0.00632524723513297)	(4, 0.007850790368066065)	(5, 0.012348264226949008)	(6, 0.02215635521840093)	(7, 0.03598698682923775)	(8, 0.0462052474366198)	(9, 0.051645391816324604)	(10, 0.05892050553045365)	(12, 0.06740094223876333)	(14, 0.07591735873794407)	(16, 0.08590534868375131)	(18, 0.09759158475867274)	(20, 0.11227493741315378)	(22, 0.13259272531804336)	(24, 0.16242356992924215)	(26, 0.20128894002816497)	(28, 0.25467575372264906)	(30, 0.31198076664299196)	(32, 0.3725311566999048)	(34, 0.4383453901612542)	(36, 0.5170979564198381)	(38, 0.5985885847637099)	(40, 0.6768985995945798)	(42, 0.7563131940051911)	(44, 0.8516992175834677)	(46, 0.9522627330680904)	(48, 1.0477782838935026)	(50, 1.1384653467840185)	(52, 1.23997513076855)	(54, 1.3396211615859603)	(56, 1.4337299025883141)	(58, 1.5290367706266743)	(60, 1.6318814048525225)	(62, 1.7534930979967172)	(64, 1.8625118643360397)	(66, 1.953896935169454)	(68, 2.0356538139657716)	(70, 2.103454131883204)	(72, 2.1556212306671587)	(74, 2.201196831763535)	(76, 2.2414977955182134)	(78, 2.268543804315992)	(80, 2.2920134219011867)	(82, 2.2998786041856008)	(84, 2.3007097373547225)	(86, 2.301245836238701)	(88, 2.30169558362459)
ERR1797973_1 - illumina_universal_adapter	(1, 0.035139149696868995)	(2, 0.04325492812275866)	(3, 0.05375033293895549)	(4, 0.07126354821498797)	(5, 0.1206846310368408)	(6, 0.20661419242577445)	(7, 0.3067129677948879)	(8, 0.3781894299500612)	(9, 0.41454344154092915)	(10, 0.46329447166866916)	(12, 0.5217957078219572)	(14, 0.581726807201)	(16, 0.6588601005120789)	(18, 0.7401994878376043)	(20, 0.8384133486186061)	(22, 0.9771810528302107)	(24, 1.1820126128548252)	(26, 1.4560286790902648)	(28, 1.8225203666795529)	(30, 2.2526670602095575)	(32, 2.7306525937510178)	(34, 3.2888670223025267)	(36, 3.978672702846451)	(38, 4.760947742569512)	(40, 5.530859162020829)	(42, 6.323066010836067)	(44, 7.3493091151380145)	(46, 8.43842445354176)	(48, 9.531345106778428)	(50, 10.594246981840527)	(52, 11.793873004766768)	(54, 12.986207768937442)	(56, 14.205526243939257)	(58, 15.450338032190917)	(60, 16.86423271243175)	(62, 18.61290951491525)	(64, 20.17990601728193)	(66, 21.51381393993489)	(68, 22.88221183350631)	(70, 24.26593118120479)	(72, 25.671090127723318)	(74, 27.113909792955806)	(76, 28.614450009894234)	(78, 30.046578055502906)	(80, 31.53080321992674)	(82, 33.051916768183474)	(84, 34.664948604244756)	(86, 36.135668345207804)	(88, 37.54978637634668)
ERR1797973_1 - polya	(1, 0.00019204002448092834)	(2, 0.0002504869884533848)	(3, 0.0003089339524258412)	(4, 0.00037990526582096695)	(5, 0.00045505136235698236)	(6, 0.000509323543188549)	(7, 0.0005886444228654543)	(8, 0.0006721400856832492)	(9, 0.0007890340136281621)	(10, 0.0009038405500026301)	(12, 0.0010311714357997674)	(14, 0.0012232114602806956)	(16, 0.0014027271353389548)	(18, 0.0016260780333765563)	(20, 0.0018556911061254923)	(22, 0.002074867221022204)	(24, 0.0024652094446953954)	(26, 0.0028033668791074646)	(28, 0.0030225429940041763)	(30, 0.003193709102780656)	(32, 0.003427496958670482)	(34, 0.00361953698315141)	(36, 0.0038595870137525705)	(38, 0.004135122701051294)	(40, 0.0043856096895046786)	(42, 0.0045985236296900555)	(44, 0.004838573660291216)	(46, 0.005024351510060809)	(48, 0.005329110679345762)	(50, 0.00568814202946228)	(52, 0.005957415542049668)	(54, 0.00617659165694638)	(56, 0.006460476910526883)	(58, 0.006844556959488739)	(60, 0.007184801785471253)	(62, 0.007639853147828236)	(64, 0.018087247957904826)	(66, 0.03467157398508934)	(68, 0.059354979305599964)	(70, 0.1437022978841364)	(72, 0.21921160055340927)	(74, 0.2561166835188746)	(76, 0.28863615679483534)	(78, 0.322934087688815)	(80, 0.3666044067340922)	(82, 0.4136938731717581)	(84, 0.47177345622781625)	(86, 0.5559370843481535)	(88, 0.6817859221302749)
ERR1797973_1_paired - illumina_universal_adapter	(1, 0.003325681855152096)	(2, 0.004243859236900609)	(3, 0.005350009940896849)	(4, 0.007114067272760136)	(5, 0.012023062880691163)	(6, 0.02108916080756231)	(7, 0.03245431706038643)	(8, 0.040529940173875324)	(9, 0.04473765069495906)	(10, 0.05026478934335858)	(12, 0.056800477163048785)	(14, 0.06357113163554864)	(16, 0.07202993113669637)	(18, 0.08078153523596074)	(20, 0.09119959513438285)	(22, 0.10564462197480434)	(24, 0.12656026894644568)	(26, 0.15464420626457243)	(28, 0.19118694308384693)	(30, 0.23278688524590163)	(32, 0.2779077123285195)	(34, 0.3295100041571023)	(36, 0.39052180671281655)	(38, 0.4572776402118315)	(40, 0.5210981979865166)	(42, 0.58523686446039)	(44, 0.6661702243027816)	(46, 0.7512389972346233)	(48, 0.834908814864352)	(50, 0.9149167675818317)	(52, 1.0026822347136117)	(54, 1.0881739476205108)	(56, 1.1722847795832054)	(58, 1.2570932817611653)	(60, 1.349402642471126)	(62, 1.4607985251323947)	(64, 1.5590362752363223)	(66, 1.639864803802845)	(68, 1.7148697742512697)	(70, 1.7801905037323549)	(72, 1.8320602960579826)	(74, 1.8725830064886946)	(76, 1.9073399967466156)	(78, 1.9335044372548664)	(80, 1.9597375603231697)	(82, 1.9681023731631933)	(84, 1.9688072731216222)	(86, 1.9691326115639742)	(88, 1.9693856525746924)
ERR1797973_2 - illumina_universal_adapter	(1, 0.03237544325759999)	(2, 0.03913859194584137)	(3, 0.047813791312610265)	(4, 0.061824363533436254)	(5, 0.10276228701300111)	(6, 0.1798830559746574)	(7, 0.27416218364537054)	(8, 0.34166007746727595)	(9, 0.3755760157038643)	(10, 0.42168232071185063)	(12, 0.47745742347413767)	(14, 0.5347834581732651)	(16, 0.6091718315692092)	(18, 0.6878560568171286)	(20, 0.783548348581033)	(22, 0.9194667632989805)	(24, 1.1226638957239365)	(26, 1.3940686351047495)	(28, 1.763728983097973)	(30, 2.1921807146727765)	(32, 2.6651836445355848)	(34, 3.216551428736034)	(36, 3.896608990645981)	(38, 4.668294692932175)	(40, 5.427886048459213)	(42, 6.209163315011601)	(44, 7.220911572248379)	(46, 8.294747204356469)	(48, 9.371283921156715)	(50, 10.420887024523513)	(52, 11.606567184367607)	(54, 12.786818038736978)	(56, 13.99481241446913)	(58, 15.232172214814302)	(60, 16.6331730773245)	(62, 18.360548048831603)	(64, 19.90545786099141)	(66, 21.22220325015217)	(68, 22.57127607256441)	(70, 23.934079756727037)	(72, 25.315509235872746)	(74, 26.737273382334156)	(76, 28.215954434746884)	(78, 29.62716264203656)	(80, 31.09438391472755)	(82, 32.59881085477015)	(84, 34.195719678341305)	(86, 35.650525145971294)	(88, 37.04672918265261)
ERR1797973_2 - polya	(1, 0.00014611740993114114)	(2, 0.00015864175935381036)	(3, 0.00020038959076270783)	(4, 0.0002504869884533848)	(5, 0.0003381574344120695)	(6, 0.00048010006120232084)	(7, 0.0006053435554290133)	(8, 0.0007514609653601544)	(9, 0.0009643749055455314)	(10, 0.0011981627614353573)	(12, 0.001446562358318297)	(14, 0.0016845249973490126)	(16, 0.0019204002448092834)	(18, 0.0022648198539326875)	(20, 0.0037614796099416613)	(22, 0.00484901061814344)	(24, 0.00717436482761903)	(26, 0.007714999244364251)	(28, 0.007975923190669861)	(30, 0.008105341468037442)	(32, 0.008301556275659261)	(34, 0.008466460209724407)	(36, 0.00864806327635311)	(38, 0.008781656336861583)	(40, 0.008927773746792723)	(42, 0.009082240723005643)	(44, 0.00981700255580224)	(46, 0.010384773062963244)	(48, 0.010574725695873727)	(50, 0.010823125292756669)	(52, 0.011008903142526262)	(54, 0.01118006925130274)	(56, 0.011363759709501889)	(58, 0.022299604147062578)	(60, 0.03972514897713639)	(62, 0.06454632214129637)	(64, 0.1501398134873884)	(66, 0.22617305144084293)	(68, 0.26423246194476424)	(70, 0.29792087450017407)	(72, 0.33327293813722847)	(74, 0.37910579484948653)	(76, 0.42849556679778267)	(78, 0.4896185667635494)	(80, 0.5780383862960239)	(82, 0.7121595568718183)	(84, 0.8919319810932421)	(86, 1.136728740125594)	(88, 1.4261017461447967)
ERR1797973_2_paired - illumina_universal_adapter	(1, 0.0025448695935076904)	(2, 0.0030292623854537566)	(3, 0.003694398756484176)	(4, 0.004475211018128581)	(5, 0.007584000578379453)	(6, 0.0137726607262277)	(7, 0.021898892041860213)	(8, 0.02785620040848049)	(9, 0.030567354094745786)	(10, 0.034612395394653606)	(12, 0.039568384333146564)	(14, 0.044950928118278596)	(16, 0.051830028738229075)	(18, 0.05895494062573427)	(20, 0.0677463083123972)	(22, 0.07985974298263054)	(24, 0.09787626294575885)	(26, 0.12141992155728668)	(28, 0.15226562076382238)	(30, 0.18742024689572903)	(32, 0.22455220778281854)	(34, 0.26738120628264683)	(36, 0.31713991360456917)	(38, 0.37140275091727365)	(40, 0.42344967195040395)	(42, 0.47530138991812315)	(44, 0.5407486399045673)	(46, 0.6094384296997849)	(48, 0.6755616606720046)	(50, 0.7381495472373344)	(52, 0.8069441683084209)	(54, 0.8737036166790175)	(56, 0.9382471487700399)	(58, 1.0038389936197516)	(60, 1.0738156776980499)	(62, 1.1558588031160193)	(64, 1.2284237352468055)	(66, 1.2883836101722488)	(68, 1.3430151643862853)	(70, 1.3885444719576339)	(72, 1.422086865364108)	(74, 1.452130063079509)	(76, 1.4778281851537223)	(78, 1.4952844000216892)	(80, 1.5099643935149203)	(82, 1.5148047065627992)	(84, 1.5153180183273989)	(86, 1.5157011947150578)	(88, 1.5160699116163898)
ERR1797974_1 - illumina_universal_adapter	(1, 0.11253356633213249)	(2, 0.13186216266769396)	(3, 0.15370795153582523)	(4, 0.18977049959645315)	(5, 0.2816716929479496)	(6, 0.4487014018869133)	(7, 0.6651369307557339)	(8, 0.8080962550328252)	(9, 0.8709227989098361)	(10, 0.9425982426898039)	(12, 1.017449221664706)	(14, 1.0903101125262515)	(16, 1.180698838911597)	(18, 1.2822191500520845)	(20, 1.3971580336931169)	(22, 1.5645685486818797)	(24, 1.8102788115598258)	(26, 2.1144202128925267)	(28, 2.5069817669633068)	(30, 2.9577399518084566)	(32, 3.463467597514425)	(34, 4.058495337621569)	(36, 4.81929419040139)	(38, 5.673291558837955)	(40, 6.509879421314218)	(42, 7.377286756464892)	(44, 8.488915553440062)	(46, 9.665132929065042)	(48, 10.852748668824683)	(50, 12.024592153493494)	(52, 13.348884993431849)	(54, 14.677252673247713)	(56, 16.034372285546706)	(58, 17.40452751284984)	(60, 18.94265263126008)	(62, 20.792752568106515)	(64, 22.48537737040471)	(66, 23.978881486143585)	(68, 25.489485299531065)	(70, 27.006343368211006)	(72, 28.518382196486712)	(74, 30.078701638115753)	(76, 31.668362508598797)	(78, 33.19209014630138)	(80, 34.77995240741927)	(82, 36.40499812028109)	(84, 38.08233044008227)	(86, 39.6491709163833)	(88, 41.147677145488174)
ERR1797974_1 - polya	(1, 0.00015490415585044814)	(2, 0.00018932730159499216)	(3, 0.00027538516595635224)	(4, 0.0003098083117008963)	(5, 0.00045180378789714035)	(6, 0.0005163471861681604)	(7, 0.0006282224098379285)	(8, 0.0007831265656883767)	(9, 0.0009939683333737089)	(10, 0.001200507207840973)	(12, 0.0014199547619624412)	(14, 0.0016630682287832833)	(16, 0.0018825157829047514)	(18, 0.002179415414951444)	(20, 0.0024698607071710343)	(22, 0.0027517002129544884)	(24, 0.003349802370265941)	(26, 0.003872603896261203)	(28, 0.004182412207962099)	(30, 0.004530946558625608)	(32, 0.004853663549980708)	(34, 0.005135503055764162)	(36, 0.0054904917462547725)	(38, 0.005856237669790553)	(40, 0.006217680700108265)	(42, 0.006518883225373025)	(44, 0.006744785119321596)	(46, 0.006951323993788859)	(48, 0.007319221363933674)	(50, 0.007768873705221781)	(52, 0.008158285541456936)	(54, 0.008465942406548797)	(56, 0.008823082543648442)	(58, 0.009246917525628139)	(60, 0.009724538672833688)	(62, 0.010292520577618664)	(64, 0.0435517337066753)	(66, 0.09132245421366628)	(68, 0.13932122806121486)	(70, 0.3097437683026253)	(72, 0.46490824919276647)	(74, 0.521187941038487)	(76, 0.5625344419709024)	(78, 0.6039089117092353)	(80, 0.6554511181218629)	(82, 0.7147320779871857)	(84, 0.7833180444365806)	(86, 0.8866713880879651)	(88, 1.0414055796562995)
ERR1797974_1_paired - illumina_universal_adapter	(1, 0.009988738156110824)	(2, 0.012005618246690265)	(3, 0.014548640969594776)	(4, 0.018789669460457473)	(5, 0.028714632752044045)	(6, 0.0472970339027977)	(7, 0.07241635866728709)	(8, 0.08831224364995667)	(9, 0.09593333996060467)	(10, 0.10467448232945983)	(12, 0.11401351405322985)	(14, 0.12298982623501818)	(16, 0.13329743871375027)	(18, 0.14511173236686778)	(20, 0.15802614243302862)	(22, 0.17566786433204956)	(24, 0.2009107528965547)	(26, 0.23244742340379687)	(28, 0.2714298093442453)	(30, 0.3160363411499262)	(32, 0.36455705526578297)	(34, 0.4198618205954069)	(36, 0.4877661075976032)	(38, 0.5586518695163083)	(40, 0.6288002345639517)	(42, 0.6993910377342321)	(44, 0.7878268451842045)	(46, 0.879407550641029)	(48, 0.9692902503298955)	(50, 1.0573633382378862)	(52, 1.155098318121301)	(54, 1.2501427959075988)	(56, 1.3425605464613042)	(58, 1.433543362563214)	(60, 1.5335941672146656)	(62, 1.6495647724229834)	(64, 1.753609477965266)	(66, 1.841969552763616)	(68, 1.9254349067097296)	(70, 1.9961054284606652)	(72, 2.051378306358027)	(74, 2.0960605708153306)	(76, 2.1328626535748563)	(78, 2.160644578933233)	(80, 2.189570465924014)	(82, 2.198670341905818)	(84, 2.1997824161059594)	(86, 2.2004440803253984)	(88, 2.201177491267427)
ERR1797974_2 - illumina_universal_adapter	(1, 0.10625134223375321)	(2, 0.12268839432677299)	(3, 0.14049376646313838)	(4, 0.16941351178177344)	(5, 0.24327267386991072)	(6, 0.39152885969844375)	(7, 0.5956107821381911)	(8, 0.7304677584856604)	(9, 0.788079195782373)	(10, 0.8541436668059801)	(12, 0.9237558732878841)	(14, 0.9919933053866157)	(16, 1.077248680162806)	(18, 1.1738206641025153)	(20, 1.2846309217008116)	(22, 1.4482742536771558)	(24, 1.6924268692101614)	(26, 1.995494698684954)	(28, 2.4026107890658492)	(30, 2.858117216577137)	(32, 3.362334546763564)	(34, 3.953102422584819)	(36, 4.704800656208428)	(38, 5.55007390864536)	(40, 6.379013378426507)	(42, 7.237987042869769)	(44, 8.337214901590466)	(46, 9.50119484890326)	(48, 10.676588220476978)	(50, 11.837321634856739)	(52, 13.14941792396848)	(54, 14.467516749119422)	(56, 15.817986239949892)	(58, 17.184940114698783)	(60, 18.71510057776238)	(62, 20.549772490975435)	(64, 22.22461773849657)	(66, 23.70372867642101)	(68, 25.197527540345327)	(70, 26.695984286178202)	(72, 28.18838470980664)	(74, 29.731006351629766)	(76, 31.302990936772986)	(78, 32.81104958882198)	(80, 34.38482202609731)	(82, 35.99732480522846)	(84, 37.66320712617636)	(86, 39.21778220535928)	(88, 40.701120735870475)
ERR1797974_2 - polya	(1, 8.175497114329206e-05)	(2, 0.0001204810101059041)	(3, 0.00017641862194078814)	(4, 0.0002151446609034002)	(5, 0.00029689963204669226)	(6, 0.0003786546031899843)	(7, 0.0005034385065139564)	(8, 0.0006841600216728126)	(9, 0.0008993046825762127)	(10, 0.001120903683306715)	(12, 0.001344654130646251)	(14, 0.0015425872186773794)	(16, 0.0017190058406181675)	(18, 0.0019814823269203156)	(20, 0.003719851187019789)	(22, 0.00479557449153679)	(24, 0.0072181033733090755)	(26, 0.0077624193653946785)	(28, 0.007962503900034841)	(30, 0.008141073968584663)	(32, 0.008351915736269994)	(34, 0.008496062659075272)	(36, 0.00864020958188055)	(38, 0.008782205058076795)	(40, 0.008900534621573666)	(42, 0.009033924311333773)	(44, 0.00971378143978852)	(46, 0.010219371392911509)	(48, 0.010365669762325821)	(50, 0.010533482597830473)	(52, 0.010707749773162226)	(54, 0.010875562608666879)	(56, 0.011045526890780564)	(58, 0.04336240640508031)	(60, 0.08933882044013693)	(62, 0.13461171143403944)	(64, 0.2938790010076085)	(66, 0.43824967426022615)	(68, 0.49275442265349356)	(70, 0.5332554050685587)	(72, 0.5737628418234508)	(74, 0.6241690844265084)	(76, 0.6811888739057366)	(78, 0.748542061448155)	(80, 0.8505787197748107)	(82, 1.004734172205315)	(84, 1.1967443277217726)	(86, 1.4544037250662936)	(88, 1.7502728141872586)
ERR1797974_2_paired - illumina_universal_adapter	(1, 0.008490028839790924)	(2, 0.009637976401227443)	(3, 0.010985220414302247)	(4, 0.01325719996297869)	(5, 0.01940350253150339)	(6, 0.033035379823562055)	(7, 0.05200043016146121)	(8, 0.06453219104047656)	(9, 0.06986536408631705)	(10, 0.07613124452582472)	(12, 0.08295116910088682)	(14, 0.08977906553401444)	(16, 0.09787847332859434)	(18, 0.10737694221367497)	(20, 0.11811902095697852)	(22, 0.13329743871375027)	(24, 0.15553892271658282)	(26, 0.18363175053951541)	(28, 0.2194293791827841)	(30, 0.25860707564583807)	(32, 0.300439400844714)	(34, 0.3482267040185419)	(36, 0.4058951252645959)	(38, 0.4669834736207629)	(40, 0.527932314460783)	(42, 0.5879883071974639)	(44, 0.6628639840779673)	(46, 0.7403384866878341)	(48, 0.816669027665297)	(50, 0.8890096536809616)	(52, 0.9683894303684903)	(54, 1.0465415409139274)	(56, 1.1226887291558831)	(58, 1.1975325186041244)	(60, 1.2785425402660544)	(62, 1.370549740129385)	(64, 1.4528233012947016)	(66, 1.522270142832578)	(68, 1.5873404342924782)	(70, 1.6410627857960942)	(72, 1.682691828614299)	(74, 1.7215426788966661)	(76, 1.7556981047784355)	(78, 1.7816186012785107)	(80, 1.8023613759650234)	(82, 1.8088424965723005)	(84, 1.8094842311465755)	(86, 1.8100342893530974)	(88, 1.810516586766062)
